-0.244
-0.242
-0.241
-0.241
-0.232
-0.226
-0.225
-0.234
-0.234
-0.224
-0.221
-0.227
-0.232
-0.237
-0.244
-0.237
-0.224
-0.227
-0.227
-0.228
-0.233
-0.226
-0.226
-0.211
-0.213
-0.224
-0.22
-0.216
-0.2
-0.197
-0.197
-0.209
-0.238
-0.252
-0.238
-0.227
-0.234
-0.255
-0.247
-0.231
-0.23
-0.22
-0.214
-0.214
-0.228
-0.225
-0.213
-0.201
-0.206
-0.228
-0.219
-0.215
-0.215
-0.222
-0.232
-0.228
-0.219
-0.221
-0.227
-0.227
-0.229
-0.232
-0.235
-0.224
-0.213
-0.216
-0.211
-0.212
-0.218
-0.211
-0.203
-0.201
-0.204
-0.231
-0.233
-0.217
-0.222
-0.225
-0.213
-0.208
-0.214
-0.211
-0.208
-0.208
-0.21
-0.215
-0.211
-0.204
-0.193
-0.177
-0.201
-0.19
-0.162
-0.193
-0.2
-0.195
-0.188
-0.194
-0.212
-0.192
-0.167
-0.162
-0.168
-0.162
-0.157
-0.166
-0.151
-0.146
-0.152
-0.146
-0.141
-0.142
-0.145
-0.161
-0.156
-0.139
-0.136
-0.137
-0.154
-0.135
-0.117
-0.124
-0.125
-0.139
-0.12
-0.091
-0.088
-0.089
-0.093
-0.077
-0.078
-0.09
-0.097
-0.099
-0.094
-0.102
-0.092
-0.092
-0.082
-0.075
-0.079
-0.067
-0.072
-0.059
-0.052
-0.051
-0.049
-0.047
-0.038
-0.034
-0.014
-0.019
-0.029
-0.037
-0.025
-0.011
-0.017
-0.021
-0.055
-0.065
-0.04
-0.007
-0.034
-0.051
-0.03
-0.037
-0.036
-0.02
0.001
0.011
0.005
-0.017
-0.024
-0.013
0.003
-0.013
-0.022
-0.021
-0.033
-0.034
-0.04
-0.018
-0.011
-0.011
0
-0.003
-0.013
-0.018
-0.018
-0.02
-0.022
-0.028
-0.022
-0.031
-0.041
-0.046
-0.046
-0.042
-0.038
-0.026
-0.035
-0.037
-0.035
-0.04
-0.045
-0.049
-0.04
-0.026
-0.029
-0.029
-0.033
-0.064
-0.054
-0.054
-0.06
-0.048
-0.065
-0.081
-0.08
-0.075
-0.083
-0.076
-0.074
-0.077
-0.074
-0.08
-0.084
-0.083
-0.083
-0.095
-0.08
-0.079
-0.092
-0.095
-0.086
-0.075
-0.098
-0.099
-0.09
-0.101
-0.106
-0.11
-0.116
-0.111
-0.102
-0.099
-0.112
-0.108
-0.086
-0.084
-0.102
-0.132
-0.12
-0.105
-0.112
-0.12
-0.146
-0.161
-0.137
-0.132
-0.142
-0.144
-0.15
-0.14
-0.13
-0.126
-0.131
-0.12
-0.117
-0.119
-0.124
-0.153
-0.161
-0.153
-0.146
-0.149
-0.16
-0.171
-0.165
-0.167
-0.157
-0.135
-0.141
-0.143
-0.151
-0.157
-0.16
-0.14
-0.126
-0.147
-0.146
-0.152
-0.163
-0.171
-0.172
-0.165
-0.183
-0.188
-0.172
-0.176
-0.172
-0.168
-0.172
-0.171
-0.167
-0.16
-0.161
-0.168
-0.191
-0.184
-0.162
-0.177
-0.2
-0.197
-0.186
-0.188
-0.184
-0.181
-0.184
-0.203
-0.194
-0.172
-0.19
-0.191
-0.17
-0.164
-0.168
-0.169
-0.178
-0.172
-0.174
-0.2
-0.204
-0.183
-0.165
-0.181
-0.171
-0.17
-0.2
-0.194
-0.186
-0.182
-0.178
-0.174
-0.173
-0.176
-0.176
-0.175
-0.179
-0.174
-0.178
-0.188
-0.186
-0.194
-0.194
-0.195
-0.2
-0.193
-0.195
-0.196
-0.192
-0.2
-0.195
-0.18
-0.181
-0.181
-0.182
-0.181
-0.181
-0.181
-0.178
-0.188
-0.191
-0.192
-0.203
-0.199
-0.198
-0.201
-0.198
-0.228
-0.23
-0.229
-0.217
-0.183
-0.191
-0.185
-0.183
-0.174
-0.184
-0.192
-0.181
-0.196
-0.194
-0.197
-0.193
-0.192
-0.203
-0.208
-0.194
-0.196
-0.206
-0.188
-0.185
-0.217
-0.234
-0.175
-0.151
-0.18
-0.184
-0.188
-0.185
-0.183
-0.186
-0.19
-0.195
-0.194
-0.19
-0.189
-0.188
-0.193
-0.18
-0.173
-0.192
-0.19
-0.173
-0.174
-0.188
-0.188
-0.193
-0.186
-0.172
-0.176
-0.177
-0.172
-0.176
-0.181
-0.193
-0.202
-0.186
-0.195
-0.201
-0.175
-0.175
-0.187
-0.183
-0.184
-0.174
-0.163
-0.175
-0.181
-0.174
-0.174
-0.179
-0.163
-0.184
-0.195
-0.184
-0.202
-0.182
-0.184
-0.19
-0.182
-0.188
-0.184
-0.168
-0.155
-0.155
-0.161
-0.169
-0.175
-0.177
-0.174
-0.186
-0.191
-0.163
-0.146
-0.153
-0.158
-0.149
-0.149
-0.148
-0.139
-0.143
-0.127
-0.136
-0.139
-0.118
-0.114
-0.118
-0.112
-0.105
-0.119
-0.092
-0.098
-0.101
-0.089
-0.115
-0.106
-0.101
-0.13
-0.133
-0.126
-0.128
-0.126
-0.128
-0.13
-0.138
-0.131
-0.129
-0.126
-0.137
-0.163
-0.157
-0.142
-0.115
-0.101
-0.111
-0.116
-0.107
-0.111
-0.111
-0.107
-0.118
-0.118
-0.118
-0.129
-0.14
-0.145
-0.147
-0.133
-0.137
-0.155
-0.163
-0.17
-0.175
-0.178
-0.179
-0.183
-0.18
-0.182
-0.182
-0.185
-0.182
-0.18
-0.181
-0.177
-0.182
-0.188
-0.185
-0.19
-0.214
-0.21
-0.189
-0.194
-0.209
-0.211
-0.218
-0.21
-0.215
-0.241
-0.226
-0.226
-0.218
-0.206
-0.193
-0.189
-0.209
-0.196
-0.194
-0.188
-0.172
-0.188
-0.203
-0.214
-0.22
-0.224
-0.22
-0.206
-0.198
-0.204
-0.214
-0.217
-0.212
-0.197
-0.203
-0.219
-0.209
-0.2
-0.2
-0.197
-0.202
-0.2
-0.2
-0.209
-0.207
-0.208
-0.218
-0.217
-0.217
-0.229
-0.233
-0.245
-0.26
-0.265
-0.274
-0.282
-0.292
-0.303
-0.318
-0.323
-0.332
-0.344
-0.358
-0.368
-0.363
-0.362
-0.352
-0.337
-0.31
-0.296
-0.273
-0.24
-0.211
-0.168
-0.132
-0.088
-0.049
-0.018
0.023
0.072
0.107
0.153
0.215
0.242
0.271
0.302
0.315
0.325
0.316
0.319
0.338
0.344
0.344
0.345
0.325
0.281
0.228
0.18
0.145
0.117
0.122
0.128
0.118
0.111
0.111
0.092
0.053
0.081
0.084
0.047
0.051
0.043
0.006
0.002
-0.001
-0.045
-0.043
-0.058
-0.071
-0.071
-0.085
-0.112
-0.159
-0.19
-0.234
-0.256
-0.286
-0.301
-0.311
-0.345
-0.363
-0.396
-0.427
-0.432
-0.443
-0.454
-0.473
-0.503
-0.512
-0.531
-0.534
-0.536
-0.561
-0.58
-0.595
-0.601
-0.616
-0.625
-0.618
-0.607
-0.609
-0.621
-0.611
-0.592
-0.571
-0.558
-0.546
-0.529
-0.502
-0.479
-0.468
-0.436
-0.419
-0.421
-0.415
-0.389
-0.351
-0.337
-0.344
-0.336
-0.306
-0.31
-0.305
-0.267
-0.259
-0.256
-0.23
-0.234
-0.243
-0.21
-0.216
-0.236
-0.216
-0.222
-0.227
-0.23
-0.242
-0.219
-0.207
-0.224
-0.213
-0.189
-0.211
-0.236
-0.216
-0.198
-0.2
-0.197
-0.193
-0.193
-0.206
-0.217
-0.205
-0.2
-0.205
-0.208
-0.226
-0.215
-0.191
-0.215
-0.225
-0.223
-0.232
-0.224
-0.201
-0.182
-0.193
-0.201
-0.199
-0.193
-0.203
-0.205
-0.197
-0.207
-0.212
-0.21
-0.214
-0.21
-0.222
-0.224
-0.192
-0.201
-0.205
-0.199
-0.205
-0.201
-0.193
-0.188
-0.203
-0.193
-0.196
-0.204
-0.193
-0.208
-0.206
-0.204
-0.206
-0.201
-0.199
-0.198
-0.195
-0.189
-0.187
-0.181
-0.191
-0.203
-0.207
-0.211
-0.216
-0.227
-0.206
-0.184
-0.165
-0.179
-0.198
-0.179
-0.186
-0.194
-0.2
-0.195
-0.189
-0.201
-0.203
-0.167
-0.154
-0.169
-0.16
-0.161
-0.172
-0.174
-0.166
-0.164
-0.148
-0.151
-0.166
-0.175
-0.185
-0.178
-0.178
-0.169
-0.159
-0.148
-0.149
-0.157
-0.139
-0.13
-0.129
-0.136
-0.149
-0.137
-0.13
-0.131
-0.127
-0.124
-0.117
-0.114
-0.112
-0.104
-0.104
-0.102
-0.093
-0.089
-0.085
-0.068
-0.061
-0.088
-0.086
-0.074
-0.071
-0.061
-0.065
-0.061
-0.059
-0.055
-0.058
-0.056
-0.053
-0.064
-0.057
-0.05
-0.038
-0.042
-0.021
0.025
0.017
-0.017
-0.038
-0.037
-0.013
0.015
0.009
0.004
0
-0.004
-0.004
-0.003
0.001
0.005
0.008
0.007
0.027
0.029
0.041
0.04
0.027
0.02
0.008
0.025
0.029
0.034
0.038
0.04
0.034
0.01
0.004
0.012
0.008
0.021
0.058
0.051
0.045
0.071
0.07
0.059
0.045
0.027
0.029
0.041
0.04
0.033
0.044
0.045
0.036
0.03
0.004
-0.001
0.015
0.021
0.025
0.033
0.035
0.025
0.025
0.022
0.019
0.021
0.017
0.019
0.026
0.017
-0.021
-0.013
0.008
-0.011
-0.017
-0.028
-0.034
-0.028
-0.03
-0.034
-0.03
-0.034
-0.034
-0.033
-0.034
-0.032
-0.033
-0.048
-0.051
-0.041
-0.051
-0.059
-0.054
-0.059
-0.089
-0.098
-0.07
-0.059
-0.06
-0.042
-0.069
-0.098
-0.084
-0.069
-0.056
-0.081
-0.049
-0.033
-0.077
-0.091
-0.099
-0.098
-0.098
-0.091
-0.098
-0.098
-0.089
-0.086
-0.099
-0.113
-0.105
-0.108
-0.096
-0.092
-0.097
-0.093
-0.092
-0.105
-0.113
-0.109
-0.11
-0.103
-0.113
-0.118
-0.12
-0.126
-0.13
-0.135
-0.129
-0.112
-0.117
-0.126
-0.122
-0.126
-0.13
-0.118
-0.104
-0.124
-0.142
-0.13
-0.132
-0.133
-0.122
-0.153
-0.175
-0.172
-0.168
-0.175
-0.169
-0.146
-0.136
-0.145
-0.153
-0.148
-0.166
-0.162
-0.152
-0.166
-0.153
-0.131
-0.153
-0.173
-0.167
-0.155
-0.159
-0.174
-0.176
-0.162
-0.166
-0.174
-0.174
-0.172
-0.172
-0.175
-0.148
-0.143
-0.158
-0.161
-0.169
-0.172
-0.174
-0.172
-0.178
-0.182
-0.181
-0.184
-0.185
-0.171
-0.165
-0.175
-0.175
-0.172
-0.172
-0.179
-0.177
-0.168
-0.163
-0.151
-0.154
-0.169
-0.154
-0.165
-0.19
-0.189
-0.179
-0.17
-0.191
-0.183
-0.182
-0.185
-0.181
-0.196
-0.174
-0.177
-0.196
-0.197
-0.181
-0.18
-0.193
-0.185
-0.173
-0.159
-0.158
-0.169
-0.178
-0.191
-0.194
-0.181
-0.192
-0.193
-0.189
-0.183
-0.178
-0.186
-0.167
-0.146
-0.151
-0.171
-0.177
-0.177
-0.184
-0.166
-0.149
-0.169
-0.185
-0.185
-0.196
-0.188
-0.193
-0.202
-0.172
-0.162
-0.168
-0.172
-0.171
-0.16
-0.172
-0.193
-0.19
-0.19
-0.182
-0.174
-0.171
-0.175
-0.187
-0.173
-0.175
-0.176
-0.179
-0.195
-0.184
-0.174
-0.168
-0.169
-0.163
-0.182
-0.187
-0.167
-0.174
-0.184
-0.181
-0.164
-0.181
-0.186
-0.177
-0.177
-0.173
-0.163
-0.167
-0.18
-0.179
-0.169
-0.157
-0.181
-0.196
-0.189
-0.179
-0.178
-0.157
-0.162
-0.192
-0.186
-0.201
-0.181
-0.17
-0.182
-0.181
-0.178
-0.166
-0.161
-0.165
-0.165
-0.164
-0.155
-0.14
-0.152
-0.151
-0.149
-0.159
-0.157
-0.18
-0.17
-0.15
-0.178
-0.186
-0.174
-0.162
-0.157
-0.147
-0.16
-0.179
-0.167
-0.154
-0.151
-0.15
-0.144
-0.137
-0.141
-0.133
-0.126
-0.146
-0.142
-0.129
-0.129
-0.126
-0.124
-0.127
-0.122
-0.111
-0.132
-0.153
-0.127
-0.111
-0.126
-0.133
-0.133
-0.131
-0.111
-0.108
-0.131
-0.138
-0.141
-0.131
-0.131
-0.139
-0.127
-0.11
-0.104
-0.116
-0.115
-0.111
-0.105
-0.108
-0.112
-0.092
-0.101
-0.107
-0.111
-0.135
-0.129
-0.117
-0.149
-0.171
-0.166
-0.174
-0.184
-0.184
-0.185
-0.193
-0.192
-0.192
-0.191
-0.177
-0.178
-0.168
-0.154
-0.174
-0.201
-0.201
-0.196
-0.202
-0.207
-0.211
-0.215
-0.216
-0.211
-0.221
-0.207
-0.197
-0.209
-0.205
-0.207
-0.203
-0.211
-0.232
-0.198
-0.176
-0.188
-0.197
-0.211
-0.245
-0.24
-0.174
-0.167
-0.201
-0.196
-0.197
-0.209
-0.202
-0.199
-0.195
-0.194
-0.197
-0.194
-0.191
-0.179
-0.178
-0.167
-0.166
-0.179
-0.172
-0.199
-0.223
-0.209
-0.191
-0.191
-0.2
-0.2
-0.195
-0.197
-0.21
-0.212
-0.211
-0.217
-0.228
-0.233
-0.238
-0.261
-0.272
-0.287
-0.307
-0.322
-0.344
-0.367
-0.378
-0.384
-0.397
-0.39
-0.378
-0.377
-0.365
-0.347
-0.324
-0.305
-0.282
-0.249
-0.217
-0.182
-0.147
-0.122
-0.094
-0.058
-0.018
0.033
0.087
0.133
0.182
0.229
0.267
0.3
0.283
0.274
0.302
0.317
0.338
0.362
0.354
0.335
0.327
0.272
0.213
0.202
0.195
0.162
0.119
0.104
0.114
0.152
0.163
0.143
0.13
0.121
0.11
0.095
0.096
0.073
0.036
0.014
0.002
-0.019
-0.037
-0.055
-0.073
-0.102
-0.131
-0.145
-0.175
-0.211
-0.232
-0.235
-0.271
-0.313
-0.338
-0.332
-0.333
-0.353
-0.361
-0.424
-0.485
-0.5
-0.492
-0.507
-0.517
-0.544
-0.577
-0.557
-0.57
-0.593
-0.609
-0.608
-0.607
-0.61
-0.619
-0.625
-0.613
-0.617
-0.602
-0.605
-0.613
-0.588
-0.577
-0.559
-0.541
-0.523
-0.5
-0.481
-0.459
-0.432
-0.418
-0.406
-0.382
-0.358
-0.337
-0.321
-0.308
-0.3
-0.285
-0.271
-0.263
-0.246
-0.241
-0.242
-0.242
-0.238
-0.241
-0.244
-0.226
-0.237
-0.242
-0.232
-0.231
-0.227
-0.201
-0.18
-0.202
-0.208
-0.229
-0.229
-0.191
-0.204
-0.215
-0.218
-0.22
-0.202
-0.206
-0.203
-0.203
-0.218
-0.22
-0.212
-0.216
-0.235
-0.222
-0.2
-0.199
-0.206
-0.21
-0.213
-0.21
-0.203
-0.207
-0.216
-0.223
-0.224
-0.22
-0.229
-0.223
-0.211
-0.218
-0.227
-0.23
-0.22
-0.206
-0.183
-0.194
-0.206
-0.216
-0.222
-0.196
-0.211
-0.21
-0.206
-0.209
-0.189
-0.201
-0.22
-0.214
-0.216
-0.224
-0.212
-0.21
-0.217
-0.224
-0.2
-0.172
-0.181
-0.194
-0.201
-0.2
-0.199
-0.197
-0.197
-0.199
-0.199
-0.206
-0.222
-0.213
-0.202
-0.204
-0.197
-0.197
-0.199
-0.194
-0.189
-0.191
-0.188
-0.185
-0.184
-0.179
-0.182
-0.188
-0.189
-0.185
-0.186
-0.193
-0.196
-0.191
-0.193
-0.184
-0.17
-0.18
-0.195
-0.163
-0.143
-0.172
-0.173
-0.164
-0.146
-0.167
-0.17
-0.147
-0.162
-0.145
-0.138
-0.132
-0.132
-0.118
-0.117
-0.153
-0.134
-0.115
-0.102
-0.096
-0.128
-0.136
-0.118
-0.112
-0.109
-0.107
-0.113
-0.102
-0.099
-0.103
-0.093
-0.099
-0.1
-0.097
-0.094
-0.085
-0.085
-0.07
-0.06
-0.059
-0.058
-0.071
-0.087
-0.064
-0.024
-0.035
-0.036
-0.038
-0.057
-0.059
-0.037
-0.034
-0.03
-0.034
-0.053
-0.021
-0.028
-0.045
-0.031
-0.021
-0.009
-0.017
-0.036
-0.043
-0.033
-0.008
0.016
0.003
-0.015
-0.004
0.005
-0.003
-0.014
-0.011
-0.002
0.005
0.01
0.009
0.015
0.019
0.023
0.012
0.018
0.017
0.018
0.036
0.026
0.026
0.02
0.014
0.013
0.005
0.004
-0.004
-0.001
0.006
0.011
0.006
-0.005
0.003
0.017
0.022
0.016
0.003
0.007
0.013
0.003
-0.007
-0.015
-0.011
-0.007
-0.013
-0.024
-0.026
-0.039
-0.041
-0.021
-0.021
-0.001
0.007
-0.024
-0.025
-0.009
-0.013
-0.043
-0.043
-0.018
-0.029
-0.045
-0.054
-0.06
-0.062
-0.043
-0.037
-0.065
-0.07
-0.047
-0.041
-0.062
-0.05
-0.054
-0.068
-0.043
-0.052
-0.056
-0.052
-0.065
-0.067
-0.067
-0.069
-0.069
-0.07
-0.076
-0.082
-0.086
-0.08
-0.07
-0.077
-0.081
-0.081
-0.077
-0.076
-0.086
-0.095
-0.092
-0.095
-0.108
-0.117
-0.13
-0.121
-0.123
-0.144
-0.136
-0.121
-0.127
-0.135
-0.108
-0.102
-0.092
-0.086
-0.114
-0.118
-0.12
-0.116
-0.122
-0.118
-0.119
-0.117
-0.114
-0.131
-0.114
-0.107
-0.116
-0.132
-0.15
-0.122
-0.099
-0.11
-0.116
-0.113
-0.103
-0.103
-0.109
-0.119
-0.108
-0.092
-0.126
-0.14
-0.136
-0.141
-0.15
-0.164
-0.146
-0.129
-0.127
-0.128
-0.134
-0.133
-0.123
-0.112
-0.115
-0.127
-0.12
-0.107
-0.118
-0.127
-0.133
-0.13
-0.12
-0.132
-0.129
-0.12
-0.121
-0.114
-0.117
-0.133
-0.135
-0.137
-0.146
-0.114
-0.099
-0.128
-0.109
-0.082
-0.078
-0.097
-0.113
-0.1
-0.105
-0.111
-0.115
-0.123
-0.126
-0.128
-0.124
-0.13
-0.115
-0.104
-0.111
-0.097
-0.091
-0.097
-0.091
-0.1
-0.099
-0.084
-0.088
-0.103
-0.106
-0.112
-0.107
-0.11
-0.102
-0.091
-0.124
-0.118
-0.106
-0.104
-0.087
-0.086
-0.088
-0.1
-0.094
-0.1
-0.103
-0.093
-0.101
-0.087
-0.115
-0.131
-0.108
-0.108
-0.104
-0.108
-0.105
-0.102
-0.123
-0.142
-0.128
-0.106
-0.1
-0.109
-0.114
-0.107
-0.098
-0.096
-0.099
-0.097
-0.106
-0.114
-0.127
-0.142
-0.125
-0.104
-0.124
-0.139
-0.15
-0.151
-0.126
-0.11
-0.117
-0.123
-0.117
-0.142
-0.111
-0.093
-0.119
-0.103
-0.102
-0.105
-0.115
-0.124
-0.137
-0.126
-0.107
-0.111
-0.115
-0.114
-0.102
-0.103
-0.113
-0.109
-0.103
-0.124
-0.125
-0.117
-0.13
-0.121
-0.113
-0.103
-0.099
-0.124
-0.126
-0.122
-0.136
-0.101
-0.107
-0.128
-0.133
-0.14
-0.129
-0.131
-0.105
-0.084
-0.098
-0.098
-0.082
-0.088
-0.086
-0.092
-0.1
-0.091
-0.092
-0.091
-0.092
-0.085
-0.069
-0.053
-0.044
-0.038
-0.037
-0.039
-0.034
-0.034
-0.04
-0.04
-0.04
-0.049
-0.058
-0.055
-0.053
-0.048
-0.03
-0.059
-0.084
-0.066
-0.088
-0.096
-0.077
-0.058
-0.031
-0.019
-0.029
-0.018
-0.007
-0.042
-0.041
-0.045
-0.04
-0.038
-0.066
-0.059
-0.091
-0.088
-0.068
-0.082
-0.073
-0.081
-0.093
-0.102
-0.087
-0.082
-0.088
-0.088
-0.09
-0.101
-0.112
-0.087
-0.086
-0.104
-0.119
-0.106
-0.101
-0.117
-0.117
-0.116
-0.12
-0.122
-0.113
-0.12
-0.12
-0.097
-0.084
-0.089
-0.097
-0.112
-0.122
-0.134
-0.135
-0.131
-0.124
-0.103
-0.107
-0.096
-0.094
-0.12
-0.12
-0.114
-0.122
-0.115
-0.105
-0.105
-0.106
-0.11
-0.112
-0.124
-0.116
-0.112
-0.127
-0.121
-0.124
-0.128
-0.12
-0.131
-0.134
-0.115
-0.117
-0.104
-0.103
-0.116
-0.105
-0.108
-0.106
-0.097
-0.089
-0.099
-0.098
-0.114
-0.168
-0.159
-0.159
-0.181
-0.181
-0.22
-0.239
-0.231
-0.244
-0.261
-0.263
-0.277
-0.288
-0.289
-0.283
-0.258
-0.258
-0.276
-0.266
-0.245
-0.226
-0.203
-0.178
-0.149
-0.119
-0.086
-0.081
-0.036
0.041
0.091
0.14
0.186
0.234
0.268
0.297
0.329
0.351
0.357
0.362
0.368
0.36
0.367
0.398
0.395
0.386
0.362
0.307
0.271
0.242
0.216
0.184
0.191
0.214
0.203
0.208
0.222
0.188
0.141
0.128
0.113
0.099
0.089
0.076
0.055
-0.001
-0.006
-0.011
-0.037
-0.048
-0.069
-0.07
-0.084
-0.094
-0.11
-0.164
-0.211
-0.217
-0.231
-0.253
-0.272
-0.303
-0.327
-0.347
-0.365
-0.391
-0.404
-0.423
-0.426
-0.427
-0.445
-0.456
-0.472
-0.481
-0.485
-0.49
-0.501
-0.498
-0.506
-0.526
-0.54
-0.549
-0.559
-0.549
-0.533
-0.545
-0.541
-0.535
-0.509
-0.481
-0.466
-0.447
-0.449
-0.439
-0.425
-0.389
-0.344
-0.34
-0.34
-0.312
-0.296
-0.311
-0.292
-0.271
-0.269
-0.247
-0.24
-0.224
-0.206
-0.214
-0.195
-0.182
-0.18
-0.186
-0.202
-0.178
-0.159
-0.157
-0.158
-0.166
-0.17
-0.18
-0.179
-0.159
-0.162
-0.173
-0.169
-0.157
-0.148
-0.16
-0.16
-0.148
-0.142
-0.135
-0.154
-0.179
-0.165
-0.148
-0.152
-0.149
-0.145
-0.153
-0.162
-0.146
-0.162
-0.186
-0.177
-0.165
-0.16
-0.16
-0.163
-0.151
-0.141
-0.145
-0.133
-0.17
-0.172
-0.143
-0.145
-0.13
-0.144
-0.154
-0.149
-0.156
-0.168
-0.167
-0.162
-0.158
-0.145
-0.15
-0.151
-0.146
-0.145
-0.136
-0.123
-0.13
-0.132
-0.136
-0.156
-0.16
-0.171
-0.154
-0.139
-0.142
-0.137
-0.141
-0.122
-0.119
-0.117
-0.105
-0.122
-0.147
-0.142
-0.117
-0.121
-0.112
-0.103
-0.129
-0.143
-0.138
-0.119
-0.104
-0.107
-0.13
-0.161
-0.143
-0.124
-0.133
-0.13
-0.145
-0.136
-0.108
-0.089
-0.098
-0.107
-0.102
-0.091
-0.079
-0.11
-0.117
-0.116
-0.116
-0.109
-0.114
-0.103
-0.102
-0.11
-0.108
-0.093
-0.081
-0.088
-0.09
-0.073
-0.07
-0.068
-0.077
-0.072
-0.045
-0.053
-0.065
-0.069
-0.061
-0.051
-0.051
-0.055
-0.053
-0.051
-0.062
-0.052
-0.039
-0.041
-0.031
-0.021
-0.032
-0.047
-0.025
0.002
0.017
0.009
0.003
0.013
-0.02
-0.03
-0.019
-0.026
-0.019
0.011
0.027
-0.009
-0.034
-0.017
0.004
0.014
0.026
0.027
0.035
0.042
0.04
0.043
0.042
0.036
0.032
0.033
0.022
0.02
0.028
0.022
0.047
0.062
0.048
0.042
0.043
0.051
0.06
0.069
0.054
0.048
0.054
0.054
0.052
0.043
0.023
0.025
0.04
0.028
0.039
0.059
0.068
0.065
0.059
0.059
0.077
0.083
0.032
0.024
0.044
0.053
0.053
0.022
0.026
0.036
0.019
0.013
0.02
0.042
0.036
0.025
0.018
0.007
0.013
-0.001
-0.004
0.015
0.011
0.005
0.011
0.017
0.028
0.015
0.005
0.016
0.004
-0.006
-0.013
-0.029
-0.013
-0.006
-0.015
-0.003
-0.011
-0.007
0.005
0.005
-0.005
-0.006
0.015
-0.003
-0.013
-0.029
-0.044
-0.021
-0.021
-0.035
-0.043
-0.043
-0.018
-0.018
-0.043
-0.051
-0.052
-0.049
-0.051
-0.054
-0.05
-0.036
-0.042
-0.046
-0.058
-0.066
-0.058
-0.064
-0.053
-0.058
-0.073
-0.073
-0.07
-0.068
-0.069
-0.062
-0.058
-0.044
-0.056
-0.076
-0.074
-0.077
-0.065
-0.059
-0.082
-0.113
-0.09
-0.067
-0.096
-0.096
-0.096
-0.08
-0.069
-0.085
-0.082
-0.093
-0.108
-0.084
-0.077
-0.084
-0.089
-0.093
-0.089
-0.07
-0.065
-0.093
-0.093
-0.103
-0.1
-0.091
-0.102
-0.097
-0.089
-0.089
-0.1
-0.097
-0.091
-0.083
-0.072
-0.075
-0.078
-0.084
-0.09
-0.089
-0.082
-0.096
-0.099
-0.075
-0.089
-0.114
-0.114
-0.102
-0.09
-0.09
-0.086
-0.096
-0.104
-0.079
-0.08
-0.072
-0.067
-0.094
-0.092
-0.065
-0.061
-0.07
-0.084
-0.096
-0.082
-0.093
-0.088
-0.092
-0.099
-0.073
-0.066
-0.066
-0.08
-0.072
-0.067
-0.074
-0.07
-0.069
-0.072
-0.075
-0.072
-0.079
-0.082
-0.081
-0.083
-0.086
-0.087
-0.086
-0.095
-0.088
-0.086
-0.08
-0.077
-0.091
-0.083
-0.088
-0.095
-0.086
-0.084
-0.062
-0.049
-0.074
-0.098
-0.103
-0.1
-0.09
-0.086
-0.081
-0.103
-0.136
-0.153
-0.114
-0.066
-0.087
-0.094
-0.09
-0.114
-0.133
-0.086
-0.043
-0.067
-0.08
-0.084
-0.093
-0.098
-0.102
-0.103
-0.096
-0.089
-0.095
-0.105
-0.101
-0.102
-0.101
-0.096
-0.095
-0.096
-0.098
-0.104
-0.104
-0.102
-0.106
-0.107
-0.108
-0.113
-0.098
-0.103
-0.135
-0.119
-0.108
-0.121
-0.126
-0.121
-0.117
-0.116
-0.103
-0.097
-0.1
-0.102
-0.097
-0.099
-0.088
-0.084
-0.105
-0.103
-0.098
-0.106
-0.103
-0.096
-0.11
-0.117
-0.111
-0.107
-0.088
-0.091
-0.091
-0.081
-0.084
-0.096
-0.101
-0.095
-0.097
-0.094
-0.097
-0.111
-0.11
-0.096
-0.103
-0.105
-0.094
-0.095
-0.089
-0.08
-0.073
-0.07
-0.066
-0.046
-0.047
-0.076
-0.064
-0.039
-0.054
-0.075
-0.077
-0.073
-0.054
-0.045
-0.058
-0.051
-0.045
-0.06
-0.063
-0.057
-0.042
-0.036
-0.049
-0.046
-0.053
-0.061
-0.062
-0.069
-0.072
-0.069
-0.047
-0.059
-0.064
-0.051
-0.06
-0.045
-0.051
-0.052
-0.039
-0.03
-0.033
-0.046
-0.049
-0.053
-0.059
-0.07
-0.076
-0.079
-0.086
-0.084
-0.065
-0.097
-0.142
-0.142
-0.134
-0.127
-0.125
-0.133
-0.131
-0.115
-0.119
-0.121
-0.123
-0.122
-0.123
-0.138
-0.14
-0.141
-0.141
-0.147
-0.141
-0.149
-0.161
-0.14
-0.166
-0.176
-0.158
-0.163
-0.165
-0.167
-0.164
-0.159
-0.156
-0.155
-0.158
-0.165
-0.159
-0.157
-0.166
-0.171
-0.17
-0.169
-0.174
-0.185
-0.172
-0.171
-0.185
-0.18
-0.172
-0.158
-0.162
-0.166
-0.172
-0.179
-0.168
-0.158
-0.163
-0.172
-0.168
-0.165
-0.159
-0.156
-0.159
-0.168
-0.169
-0.172
-0.183
-0.173
-0.17
-0.18
-0.183
-0.179
-0.196
-0.241
-0.261
-0.264
-0.248
-0.241
-0.281
-0.313
-0.311
-0.308
-0.315
-0.324
-0.314
-0.288
-0.298
-0.275
-0.249
-0.216
-0.159
-0.152
-0.134
-0.097
-0.07
-0.051
-0.001
0.05
0.089
0.146
0.196
0.232
0.268
0.318
0.338
0.343
0.35
0.362
0.367
0.349
0.353
0.344
0.331
0.341
0.291
0.237
0.227
0.192
0.161
0.155
0.143
0.134
0.136
0.13
0.125
0.102
0.079
0.079
0.082
0.072
0.054
0.041
0.018
0.014
-0.006
-0.049
-0.081
-0.083
-0.06
-0.084
-0.117
-0.149
-0.177
-0.177
-0.221
-0.265
-0.283
-0.312
-0.331
-0.352
-0.372
-0.387
-0.403
-0.434
-0.459
-0.453
-0.466
-0.487
-0.502
-0.521
-0.536
-0.546
-0.558
-0.566
-0.569
-0.574
-0.595
-0.623
-0.624
-0.616
-0.581
-0.57
-0.588
-0.591
-0.595
-0.555
-0.515
-0.492
-0.477
-0.482
-0.446
-0.427
-0.421
-0.404
-0.387
-0.366
-0.369
-0.349
-0.323
-0.326
-0.314
-0.282
-0.266
-0.245
-0.243
-0.245
-0.234
-0.248
-0.244
-0.234
-0.229
-0.225
-0.233
-0.229
-0.235
-0.23
-0.226
-0.21
-0.192
-0.206
-0.206
-0.198
-0.191
-0.193
-0.197
-0.209
-0.203
-0.19
-0.217
-0.216
-0.204
-0.205
-0.211
-0.223
-0.213
-0.204
-0.216
-0.209
-0.212
-0.217
-0.188
-0.174
-0.16
-0.167
-0.18
-0.176
-0.177
-0.178
-0.178
-0.181
-0.186
-0.189
-0.188
-0.191
-0.197
-0.185
-0.19
-0.195
-0.185
-0.184
-0.176
-0.165
-0.183
-0.19
-0.171
-0.19
-0.203
-0.201
-0.197
-0.198
-0.201
-0.2
-0.204
-0.203
-0.197
-0.203
-0.217
-0.203
-0.19
-0.185
-0.184
-0.185
-0.181
-0.184
-0.201
-0.206
-0.158
-0.17
-0.213
-0.202
-0.207
-0.21
-0.216
-0.233
-0.197
-0.171
-0.204
-0.207
-0.186
-0.173
-0.159
-0.161
-0.162
-0.159
-0.158
-0.138
-0.157
-0.189
-0.168
-0.16
-0.172
-0.172
-0.166
-0.164
-0.166
-0.162
-0.172
-0.166
-0.158
-0.157
-0.153
-0.146
-0.136
-0.142
-0.146
-0.143
-0.138
-0.142
-0.144
-0.135
-0.134
-0.129
-0.133
-0.143
-0.139
-0.127
-0.117
-0.102
-0.108
-0.118
-0.102
-0.089
-0.085
-0.081
-0.079
-0.086
-0.081
-0.079
-0.086
-0.069
-0.074
-0.07
-0.062
-0.085
-0.083
-0.079
-0.103
-0.076
-0.037
-0.059
-0.037
-0.049
-0.069
-0.021
-0.013
-0.037
-0.047
-0.035
-0.017
-0.013
-0.017
-0.025
-0.026
-0.033
-0.037
-0.018
-0.009
0.001
0.015
0.022
0.026
0.022
0.017
0.003
0.004
0.023
0.024
0.014
-0.011
-0.014
0.024
0.018
0.005
0.019
0.029
0.021
0.011
0.028
0.029
0.017
0.013
0.024
0.048
0.041
0.036
0.029
0.017
0.015
0.011
0.019
0.026
0.024
0.022
0.013
0.01
0.011
0.01
0.018
0.015
0.011
0.013
0.013
0.013
0.017
0.018
0.01
0.019
0.004
-0.013
-0.007
-0.009
-0.021
-0.04
-0.048
-0.034
-0.047
-0.081
-0.045
-0.017
-0.035
-0.015
-0.01
-0.049
-0.041
-0.032
-0.046
-0.03
-0.019
-0.029
-0.051
-0.067
-0.058
-0.051
-0.077
-0.075
-0.07
-0.103
-0.099
-0.08
-0.081
-0.073
-0.075
-0.068
-0.071
-0.076
-0.07
-0.088
-0.091
-0.08
-0.081
-0.101
-0.105
-0.102
-0.104
-0.101
-0.113
-0.12
-0.111
-0.119
-0.121
-0.104
-0.103
-0.107
-0.11
-0.113
-0.109
-0.106
-0.119
-0.12
-0.12
-0.128
-0.13
-0.133
-0.135
-0.134
-0.136
-0.147
-0.141
-0.144
-0.147
-0.13
-0.121
-0.12
-0.122
-0.129
-0.131
-0.124
-0.132
-0.133
-0.142
-0.147
-0.134
-0.136
-0.142
-0.151
-0.15
-0.154
-0.146
-0.127
-0.136
-0.137
-0.137
-0.147
-0.144
-0.138
-0.126
-0.128
-0.139
-0.127
-0.132
-0.124
-0.113
-0.156
-0.164
-0.149
-0.149
-0.16
-0.172
-0.138
-0.111
-0.126
-0.133
-0.12
-0.122
-0.133
-0.138
-0.128
-0.135
-0.144
-0.118
-0.114
-0.135
-0.15
-0.161
-0.152
-0.141
-0.141
-0.136
-0.143
-0.153
-0.141
-0.131
-0.134
-0.132
-0.14
-0.141
-0.119
-0.115
-0.126
-0.131
-0.132
-0.132
-0.135
-0.129
-0.127
-0.138
-0.128
-0.117
-0.121
-0.132
-0.135
-0.126
-0.118
-0.101
-0.105
-0.106
-0.107
-0.134
-0.135
-0.118
-0.11
-0.132
-0.151
-0.143
-0.126
-0.128
-0.147
-0.136
-0.122
-0.104
-0.113
-0.132
-0.127
-0.146
-0.115
-0.088
-0.111
-0.122
-0.134
-0.108
-0.098
-0.118
-0.108
-0.129
-0.132
-0.105
-0.119
-0.113
-0.108
-0.112
-0.116
-0.143
-0.13
-0.094
-0.086
-0.079
-0.088
-0.104
-0.105
-0.104
-0.101
-0.107
-0.123
-0.119
-0.113
-0.114
-0.105
-0.107
-0.12
-0.117
-0.098
-0.099
-0.115
-0.088
-0.066
-0.086
-0.089
-0.065
-0.086
-0.105
-0.088
-0.108
-0.106
-0.088
-0.09
-0.096
-0.097
-0.105
-0.107
-0.086
-0.096
-0.092
-0.071
-0.073
-0.087
-0.1
-0.094
-0.085
-0.08
-0.088
-0.102
-0.102
-0.098
-0.099
-0.096
-0.101
-0.101
-0.084
-0.079
-0.092
-0.085
-0.072
-0.086
-0.081
-0.071
-0.074
-0.073
-0.086
-0.096
-0.099
-0.105
-0.091
-0.086
-0.095
-0.079
-0.067
-0.077
-0.089
-0.096
-0.081
-0.076
-0.086
-0.102
-0.108
-0.106
-0.097
-0.059
-0.052
-0.059
-0.064
-0.064
-0.039
-0.05
-0.072
-0.054
-0.05
-0.054
-0.043
-0.049
-0.055
-0.051
-0.051
-0.059
-0.052
-0.05
-0.045
-0.05
-0.08
-0.074
-0.07
-0.072
-0.064
-0.07
-0.077
-0.083
-0.07
-0.064
-0.062
-0.033
-0.022
-0.035
-0.043
-0.048
-0.057
-0.068
-0.086
-0.068
-0.053
-0.074
-0.088
-0.098
-0.097
-0.105
-0.122
-0.127
-0.1
-0.092
-0.105
-0.109
-0.115
-0.108
-0.109
-0.112
-0.113
-0.122
-0.116
-0.12
-0.136
-0.135
-0.142
-0.15
-0.153
-0.163
-0.172
-0.173
-0.166
-0.161
-0.161
-0.159
-0.158
-0.157
-0.154
-0.151
-0.155
-0.164
-0.155
-0.159
-0.164
-0.155
-0.162
-0.166
-0.169
-0.172
-0.174
-0.175
-0.174
-0.176
-0.174
-0.176
-0.175
-0.157
-0.149
-0.157
-0.161
-0.166
-0.158
-0.156
-0.161
-0.163
-0.163
-0.164
-0.163
-0.157
-0.15
-0.165
-0.184
-0.168
-0.169
-0.163
-0.157
-0.177
-0.19
-0.181
-0.158
-0.181
-0.204
-0.209
-0.234
-0.244
