-0.275
-0.295
-0.31
-0.315
-0.3
-0.32
-0.3
-0.3
-0.29
-0.28
-0.295
-0.29
-0.305
-0.315
-0.32
-0.295
-0.295
-0.305
-0.275
-0.25
-0.23
-0.19
-0.175
-0.165
-0.17
-0.14
-0.145
-0.12
-0.12
-0.11
-0.115
-0.09
-0.1
-0.13
-0.16
-0.215
-0.23
-0.285
-0.28
-0.32
-0.31
-0.31
-0.32
-0.34
-0.335
-0.34
-0.36
-0.31
-0.26
-0.18
0.03
0.35
0.695
0.86
1.03
0.995
0.42
-0.58
-1.345
-1.695
-1.77
-1.65
-1.375
-1
-0.74
-0.595
-0.495
-0.445
-0.44
-0.435
-0.44
-0.43
-0.425
-0.41
-0.39
-0.415
-0.425
-0.405
-0.445
-0.445
-0.455
-0.46
-0.465
-0.475
-0.455
-0.43
-0.45
-0.47
-0.45
-0.46
-0.5
-0.5
-0.51
-0.505
-0.52
-0.5
-0.52
-0.525
-0.53
-0.56
-0.61
-0.61
-0.645
-0.655
-0.66
-0.665
-0.685
-0.695
-0.7
-0.72
-0.78
-0.8
-0.8
-0.81
-0.83
-0.84
-0.845
-0.865
-0.87
-0.87
-0.875
-0.885
-0.91
-0.9
-0.9
-0.895
-0.84
-0.79
-0.73
-0.675
-0.64
-0.59
-0.56
-0.48
-0.43
-0.4
-0.355
-0.31
-0.29
-0.245
-0.22
-0.21
-0.225
-0.22
-0.205
-0.23
-0.25
-0.24
-0.235
-0.24
-0.24
-0.22
-0.22
-0.215
-0.225
-0.26
-0.26
-0.27
-0.295
-0.28
-0.285
-0.275
