0.574666667
0.574333333
0.573666667
0.573333333
0.570333333
0.567
0.567
0.569
0.572333333
0.572
0.571666667
0.572
0.570333333
0.568333333
0.564
0.558333333
0.549666667
0.539333333
0.529
0.522666667
0.518333333
0.517
0.515333333
0.508666667
0.499
0.488666667
0.484666667
0.483
0.478666667
0.472
0.464333333
0.459666667
0.454
0.446666667
0.440333333
0.436
0.433666667
0.427333333
0.417666667
0.407333333
0.397
0.385
0.370666667
0.358333333
0.348
0.338666667
0.328
0.318
0.311666667
0.306333333
0.302666667
0.298666667
0.295
0.290666667
0.287
0.285666667
0.282666667
0.277
0.267666667
0.259333333
0.250333333
0.243666667
0.239666667
0.238
0.233
0.221666667
0.210666667
0.204333333
0.204
0.203
0.201333333
0.196333333
0.191333333
0.185666667
0.183333333
0.186
0.186333333
0.184666667
0.178333333
0.174333333
0.171333333
0.167
0.162
0.155
0.149666667
0.147
0.146666667
0.146333333
0.144
0.142333333
0.141
0.139333333
0.139
0.141
0.146
0.149666667
0.151
0.149333333
0.146333333
0.145333333
0.142
0.136666667
0.129
0.118666667
0.11
0.104333333
0.104666667
0.108666667
0.113
0.115333333
0.113
0.111
0.115333333
0.125666667
0.136666667
0.141333333
0.138666667
0.132
0.125333333
0.117666667
0.108333333
0.1
0.095333333
0.093333333
0.092333333
0.094333333
0.096666667
0.096333333
0.095666667
0.096666667
0.099666667
0.102333333
0.102
0.101
0.101333333
0.102666667
0.106
0.106
0.105666667
0.106333333
0.107666667
0.108333333
0.107666667
0.107666667
0.105
0.1
0.096333333
0.095666667
0.099
0.101666667
0.105
0.108
0.111
0.113333333
0.115666667
0.121
0.127
0.130666667
0.129
0.123
0.118
0.115333333
0.114666667
0.113
0.109666667
0.107666667
0.107666667
0.110333333
0.113
0.115333333
0.117333333
0.121333333
0.126
0.13
0.134
0.137
0.141666667
0.143
0.142333333
0.14
0.138
0.139
0.138666667
0.137666667
0.136
0.134
0.132
0.129
0.129
0.129333333
0.129333333
0.129
0.134666667
0.144
0.152333333
0.158
0.159333333
0.158
0.154333333
0.152666667
0.151666667
0.151333333
0.151
0.153333333
0.156
0.155
0.152666667
0.150333333
0.152666667
0.158333333
0.166
0.169333333
0.165
0.160333333
0.158666667
0.160333333
0.159666667
0.156333333
0.155
0.154666667
0.156666667
0.16
0.162
0.162333333
0.16
0.156666667
0.154666667
0.153
0.154
0.158
0.164333333
0.170333333
0.176666667
0.185333333
0.193
0.198666667
0.199666667
0.198333333
0.193333333
0.187333333
0.183666667
0.18
0.174666667
0.167666667
0.164
0.163
0.163
0.163
0.165666667
0.170333333
0.173
0.173
0.173666667
0.176666667
0.182
0.187666667
0.191
0.189333333
0.185333333
0.183666667
0.186
0.188
0.189333333
0.19
0.190333333
0.190666667
0.191666667
0.195333333
0.201333333
0.208333333
0.213666667
0.215666667
0.215666667
0.216666667
0.218333333
0.218666667
0.219333333
0.219333333
0.218
0.212666667
0.205333333
0.201666667
0.204
0.210666667
0.216
0.219666667
0.221666667
0.224333333
0.228666667
0.236
0.241666667
0.241
0.238666667
0.238
0.241333333
0.243666667
0.243666667
0.241666667
0.238333333
0.236666667
0.236333333
0.235666667
0.231666667
0.224333333
0.216333333
0.208333333
0.201
0.198666667
0.201333333
0.204333333
0.201666667
0.195
0.188
0.180333333
0.170666667
0.161666667
0.156666667
0.157333333
0.16
0.162
0.164333333
0.167666667
0.170666667
0.170666667
0.167
0.162
0.158
0.155333333
0.154666667
0.154
0.154666667
0.154666667
0.153
0.149666667
0.147666667
0.148
0.148333333
0.147666667
0.147
0.146
0.143333333
0.139666667
0.136333333
0.132666667
0.128
0.123333333
0.120666667
0.121
0.122
0.121
0.118333333
0.119
0.124333333
0.128666667
0.129666667
0.127666667
0.127333333
0.126333333
0.122666667
0.117333333
0.115
0.115333333
0.116333333
0.115666667
0.113666667
0.111333333
0.109
0.108333333
0.11
0.112
0.113333333
0.114666667
0.114333333
0.113666667
0.112333333
0.113333333
0.117666667
0.121333333
0.121666667
0.117666667
0.111666667
0.106333333
0.105
0.107666667
0.108333333
0.102
0.093333333
0.090333333
0.094666667
0.103666667
0.109333333
0.112
0.111
0.111333333
0.114333333
0.117666667
0.120333333
0.118333333
0.115
0.113333333
0.111666667
0.108333333
0.103666667
0.102333333
0.103333333
0.106
0.110333333
0.116666667
0.121666667
0.122666667
0.121
0.12
0.118666667
0.115
0.109666667
0.107666667
0.112
0.116333333
0.120333333
0.120666667
0.121666667
0.121
0.119333333
0.119666667
0.116666667
0.113333333
0.110666667
0.112
0.118666667
0.125666667
0.136333333
0.15
0.169
0.195333333
0.224
0.256666667
0.292666667
0.337333333
0.391666667
0.447333333
0.501333333
0.552333333
0.605
0.657666667
0.706666667
0.753666667
0.798
0.842333333
0.888333333
0.928
0.952333333
0.962333333
0.969333333
0.978666667
0.985333333
0.988
0.984666667
0.97
0.941
0.903333333
0.861666667
0.812
0.754
0.7
0.662
0.635
0.602
0.558333333
0.508
0.45
0.385666667
0.318
0.252666667
0.190333333
0.138
0.104333333
0.086333333
0.074
0.057333333
0.039
0.026666667
0.022666667
0.02
0.012333333
0.001666667
-0.007
-0.010333333
-0.009333333
-0.004666667
0
0.002333333
0.002333333
-0.003
-0.009
-0.012333333
-0.014666667
-0.020666667
-0.034
-0.051
-0.068666667
-0.085333333
-0.1
-0.109333333
-0.116
-0.123333333
-0.131333333
-0.140666667
-0.151666667
-0.160666667
-0.165666667
-0.165
-0.164666667
-0.167333333
-0.171333333
-0.174333333
-0.174
-0.173666667
-0.177333333
-0.183333333
-0.188666667
-0.195
-0.198333333
-0.198666667
-0.197666667
-0.197
-0.197666667
-0.196
-0.193666667
-0.189
-0.182666667
-0.176666667
-0.17
-0.164
-0.157333333
-0.152
-0.147
-0.142
-0.138666667
-0.135
-0.131333333
-0.125666667
-0.118666667
-0.113333333
-0.111
-0.111666667
-0.112
-0.109
-0.101666667
-0.089
-0.074333333
-0.057333333
-0.038
-0.016333333
0.003
0.019333333
0.032
0.042333333
0.051666667
0.058666667
0.065
0.069
0.075333333
0.083666667
0.090666667
0.095333333
0.102666667
0.114666667
0.128333333
0.139666667
0.146666667
0.151333333
0.152666667
0.153666667
0.157
0.163666667
0.17
0.174333333
0.178
0.180666667
0.181333333
0.179666667
0.180666667
0.185666667
0.190666667
0.192333333
0.189666667
0.186
0.187333333
0.191666667
0.196
0.197333333
0.197
0.199666667
0.201333333
0.204333333
0.208
0.213
0.215333333
0.214333333
0.213333333
0.212666667
0.213
0.213333333
0.213333333
0.211666667
0.208333333
0.207333333
0.21
0.215
0.221
0.225333333
0.229
0.230333333
0.232666667
0.238
0.244
0.245666667
0.241333333
0.237
0.234666667
0.234333333
0.234
0.234333333
0.236
0.237333333
0.237666667
0.238333333
0.240666667
0.247
0.254666667
0.261
0.264666667
0.265666667
0.267666667
0.272333333
0.279
0.285333333
0.29
0.291
0.291
0.290333333
0.29
0.291
0.288666667
0.285333333
0.282
0.283333333
0.29
0.296333333
0.302333333
0.307
0.311666667
0.317333333
0.323333333
0.330333333
0.337
0.343
0.347
0.349333333
0.350333333
0.352333333
0.356
0.359333333
0.362333333
0.363666667
0.365666667
0.368333333
0.374666667
0.383
0.389333333
0.392
0.394
0.400333333
0.408
0.418333333
0.429333333
0.437666667
0.443333333
0.445333333
0.448
0.448666667
0.448333333
0.449333333
0.453
0.459333333
0.464
0.471333333
0.479333333
0.487333333
0.492666667
0.497333333
0.503666667
0.510333333
0.518
0.525
0.531666667
0.534666667
0.538333333
0.542666667
0.548666667
0.555
0.559333333
0.563
0.566333333
0.568
0.566666667
0.565666667
0.566333333
0.570666667
0.574
0.577666667
0.581666667
0.584333333
0.588333333
0.593666667
0.601
0.607
0.608666667
0.606666667
0.604666667
0.605
0.608
0.610333333
0.61
0.605666667
0.596
0.587333333
0.582
0.582666667
0.585666667
0.585666667
0.584666667
0.583
0.583666667
0.584
0.581
0.573333333
0.563
0.554666667
0.550333333
0.548
0.545333333
0.541333333
0.534333333
0.523333333
0.508666667
0.496333333
0.489666667
0.488666667
0.487333333
0.484333333
0.48
0.474666667
0.468666667
0.462
0.455
0.448666667
0.440666667
0.428666667
0.417
0.408666667
0.403
0.394666667
0.383
0.373333333
0.364666667
0.356
0.349333333
0.346
0.342333333
0.336
0.329
0.323
0.316
0.306
0.296333333
0.287333333
0.279333333
0.273
0.267666667
0.262333333
0.256666667
0.251666667
0.245666667
0.240666667
0.235666667
0.229666667
0.223666667
0.218
0.213666667
0.209333333
0.204666667
0.201666667
0.201
0.201333333
0.202666667
0.201666667
0.197666667
0.193
0.188
0.183333333
0.177333333
0.171666667
0.165666667
0.16
0.155333333
0.152666667
0.152
0.151333333
0.152333333
0.152
0.152
0.153
0.153
0.153333333
0.152333333
0.151
0.146
0.137333333
0.130333333
0.127333333
0.126333333
0.123666667
0.119666667
0.115333333
0.111333333
0.110666667
0.113333333
0.118666667
0.120333333
0.119666667
0.119
0.117333333
0.117
0.118666667
0.121
0.123333333
0.121666667
0.117666667
0.110333333
0.103333333
0.101
0.102
0.104666667
0.107666667
0.109666667
0.109
0.105666667
0.102666667
0.101666667
0.102333333
0.104333333
0.106
0.105333333
0.105
0.107333333
0.112666667
0.118666667
0.119666667
0.117333333
0.113666667
0.111333333
0.110666667
0.109333333
0.107666667
0.108
0.108333333
0.110666667
0.113
0.114
0.113333333
0.109333333
0.107
0.108333333
0.112
0.117
0.119
0.120333333
0.121
0.124
0.126333333
0.125
0.123
0.122
0.123333333
0.121
0.116666667
0.113
0.112333333
0.115666667
0.119333333
0.123666667
0.128
0.132333333
0.138666667
0.143666667
0.145666667
0.144
0.141333333
0.138333333
0.135666667
0.136333333
0.139333333
0.141
0.137666667
0.135333333
0.134333333
0.136666667
0.143
0.145333333
0.146
0.145666667
0.149
0.153333333
0.155666667
0.160666667
0.164
0.163666667
0.16
0.155
0.151333333
0.149333333
0.147
0.144333333
0.143333333
0.143666667
0.144666667
0.145666667
0.147666667
0.150666667
0.152333333
0.154666667
0.156333333
0.156333333
0.159333333
0.164666667
0.171333333
0.174333333
0.173333333
0.171666667
0.168
0.162
0.154333333
0.150666667
0.15
0.149333333
0.148
0.148333333
0.150333333
0.151
0.151333333
0.149666667
0.148666667
0.149
0.153333333
0.158333333
0.161333333
0.163333333
0.164666667
0.166
0.166
0.167333333
0.168666667
0.169666667
0.169
0.168333333
0.169
0.17
0.172
0.173666667
0.175666667
0.176666667
0.177666667
0.178
0.18
0.184333333
0.186333333
0.183666667
0.176333333
0.171333333
0.170333333
0.170666667
0.170333333
0.168666667
0.166666667
0.164
0.161666667
0.164333333
0.170666667
0.178333333
0.184
0.185666667
0.188333333
0.192
0.198
0.202333333
0.205
0.208666667
0.213
0.219666667
0.225666667
0.229666667
0.229666667
0.224666667
0.216333333
0.206333333
0.199666667
0.199333333
0.201666667
0.203666667
0.203333333
0.203333333
0.205
0.210666667
0.220666667
0.230666667
0.240333333
0.247
0.249
0.247
0.242333333
0.242666667
0.243
0.241666667
0.237666667
0.233333333
0.232666667
0.233
0.234666667
0.233333333
0.23
0.225666667
0.221666667
0.222
0.223333333
0.225
0.224
0.219666667
0.212666667
0.202333333
0.193
0.183666667
0.174333333
0.166
0.157
0.151
0.145
0.143333333
0.145333333
0.147333333
0.150666667
0.154
0.157333333
0.158666667
0.16
0.162
0.162333333
0.16
0.156333333
0.152666667
0.149
0.147666667
0.148333333
0.146333333
0.141333333
0.136
0.134333333
0.136
0.136
0.132333333
0.127333333
0.125333333
0.127
0.127666667
0.128666667
0.131666667
0.135333333
0.134
0.125666667
0.116333333
0.112
0.111666667
0.111333333
0.108
0.101333333
0.094333333
0.090333333
0.093
0.099666667
0.105
0.106666667
0.108333333
0.109666667
0.108666667
0.108333333
0.109
0.112333333
0.113333333
0.109666667
0.102666667
0.093333333
0.089333333
0.091333333
0.095333333
0.096333333
0.093333333
0.091333333
0.092333333
0.095666667
0.098
0.098666667
0.096333333
0.092
0.089666667
0.092333333
0.096666667
0.098666667
0.097
0.093333333
0.091666667
0.090666667
0.090333333
0.090666667
0.091
0.091
0.09
0.092
0.096
0.098333333
0.097
0.095666667
0.096333333
0.097
0.097
0.097
0.100666667
0.105
0.106333333
0.104333333
0.102
0.101333333
0.102
0.101
0.097666667
0.092333333
0.086666667
0.084333333
0.087666667
0.096333333
0.104666667
0.109
0.109
0.106666667
0.104666667
0.103333333
0.104666667
0.107333333
0.109666667
0.109
0.107333333
0.111333333
0.121666667
0.137333333
0.154
0.172
0.192333333
0.217
0.249
0.287
0.334
0.389333333
0.448333333
0.506333333
0.563
0.622666667
0.681666667
0.738
0.786666667
0.828333333
0.867
0.903666667
0.94
0.962666667
0.970666667
0.971333333
0.968333333
0.965666667
0.961
0.954666667
0.941666667
0.915666667
0.880333333
0.839
0.785666667
0.731666667
0.688
0.658333333
0.631666667
0.591
0.541666667
0.483666667
0.420666667
0.355333333
0.289666667
0.222666667
0.155
0.099
0.064
0.047666667
0.036333333
0.022666667
0.011
0.001666667
-0.004333333
-0.008666667
-0.011666667
-0.013666667
-0.016
-0.015333333
-0.011666667
-0.011
-0.012666667
-0.014333333
-0.014666667
-0.019333333
-0.028666667
-0.036
-0.042333333
-0.049333333
-0.06
-0.072333333
-0.084
-0.098666667
-0.110666667
-0.117666667
-0.121333333
-0.125333333
-0.130666667
-0.133666667
-0.14
-0.15
-0.163666667
-0.175666667
-0.186
-0.195
-0.199333333
-0.202333333
-0.203
-0.204
-0.206
-0.208
-0.209333333
-0.210333333
-0.210333333
-0.207
-0.201333333
-0.195666667
-0.194
-0.193666667
-0.191666667
-0.190666667
-0.188666667
-0.187
-0.181333333
-0.175333333
-0.174
-0.175333333
-0.176
-0.173
-0.170333333
-0.168
-0.165333333
-0.158666667
-0.148333333
-0.135666667
-0.124
-0.116
-0.11
-0.104666667
-0.097333333
-0.086
-0.073333333
-0.059
-0.045
-0.032333333
-0.021
-0.008666667
0.005
0.017
0.026333333
0.034666667
0.044666667
0.057333333
0.074333333
0.093333333
0.109
0.119333333
0.126333333
0.132333333
0.137666667
0.141666667
0.143
0.143
0.141666667
0.141333333
0.141333333
0.141333333
0.144666667
0.152
0.162
0.171333333
0.177
0.178666667
0.180666667
0.185666667
0.193333333
0.198
0.199
0.196
0.191333333
0.186333333
0.184
0.185666667
0.187333333
0.189333333
0.189666667
0.19
0.193
0.197333333
0.201666667
0.204
0.205333333
0.207
0.209333333
0.214666667
0.222333333
0.228666667
0.229
0.225666667
0.223333333
0.222
0.223
0.224333333
0.225
0.225
0.222333333
0.222666667
0.223666667
0.226
0.228666667
0.231
0.233
0.232333333
0.235
0.241
0.25
0.256333333
0.258666667
0.258666667
0.256666667
0.253666667
0.250666667
0.249333333
0.248666667
0.247333333
0.243
0.243
0.247333333
0.255333333
0.265333333
0.273666667
0.281
0.284666667
0.288333333
0.293333333
0.297
0.299666667
0.299333333
0.298666667
0.298
0.296666667
0.297333333
0.299333333
0.304333333
0.31
0.312
0.312
0.312666667
0.319
0.328333333
0.335333333
0.339666667
0.343
0.347666667
0.355
0.365
0.376
0.384
0.387666667
0.387
0.385666667
0.388666667
0.395333333
0.402333333
0.406666667
0.408
0.409333333
0.412
0.416333333
0.424
0.432333333
0.442333333
0.453666667
0.465
0.475
0.48
0.484666667
0.489666667
0.493333333
0.494666667
0.496
0.500333333
0.506
0.511333333
0.515
0.517
0.519666667
0.525333333
0.530666667
0.535
0.537
0.54
0.545
0.547666667
0.550333333
0.553
0.559333333
0.567
0.570666667
0.573333333