-0.052333333
-0.052333333
-0.049
-0.046333333
-0.045666667
-0.046333333
-0.046333333
-0.047666667
-0.048333333
-0.043666667
-0.035333333
-0.029
-0.026666667
-0.025
-0.021333333
-0.019333333
-0.018
-0.016333333
-0.016
-0.014666667
-0.012333333
-0.006666667
0.001
0.004
0.003
-0.001
-0.002333333
0.001666667
0.006666667
0.01
0.011666667
0.012666667
0.013333333
0.01
0.005
0.002
0.002666667
0.006666667
0.010333333
0.012
0.012
0.010666667
0.008333333
0.005666667
0.005
0.007
0.007333333
0.006333333
0.004666667
0.004
0.004333333
0.003666667
0.000666667
-0.002333333
-0.001666667
0.001333333
0.003
0.001
-0.001666667
-0.003333333
-0.003666667
-0.003333333
-0.002666667
-0.003
-0.003333333
-0.002333333
-0.003333333
-0.007333333
-0.013666667
-0.016333333
-0.013333333
-0.010333333
-0.008333333
-0.010333333
-0.014333333
-0.018
-0.021
-0.021333333
-0.021666667
-0.020666667
-0.017666667
-0.018666667
-0.022333333
-0.023
-0.019333333
-0.014
-0.012
-0.011333333
-0.010666667
-0.007333333
-0.003333333
-0.000333333
0.000666667
0.001666667
0.002
-0.001
-0.003
-0.003666667
-0.003666667
-0.003666667
-0.003
-0.000333333
0.003333333
0.009333333
0.012666667
0.009333333
0.004666667
0.002333333
0.004
0.006
0.007666667
0.009666667
0.009666667
0.009333333
0.01
0.011666667
0.012666667
0.011
0.008333333
0.005
0.001333333
-0.002
-0.003666667
-0.001333333
0.001333333
0.001333333
0.000666667
0.001333333
0.003333333
0.002
-0.001
-0.003333333
-0.002666667
0.000666667
0.001333333
0.002
0.001666667
0.003
0.003666667
0.003
0.004
0.004666667
0.005
0.004
0.003666667
0.003666667
0.005333333
0.008
0.010666667
0.012
0.011
0.008333333
0.006333333
0.006333333
0.007333333
0.007333333
0.004333333
0.001666667
0.002666667
0.007666667
0.011333333
0.013666667
0.016333333
0.019
0.020666667
0.021333333
0.023666667
0.026
0.026
0.023666667
0.020333333
0.02
0.023666667
0.027666667
0.028333333
0.029666667
0.03
0.028666667
0.027333333
0.027333333
0.028
0.024
0.02
0.017666667
0.017
0.016
0.015333333
0.015666667
0.014666667
0.012666667
0.01
0.007666667
0.007333333
0.006666667
0.005666667
0.004
0.002666667
0.002333333
0.002333333
0.002333333
0
-0.003666667
-0.006
-0.006333333
-0.005
-0.003333333
-0.001666667
-0.001666667
-0.004
-0.005666667
-0.005666667
-0.004666667
-0.005333333
-0.008
-0.012333333
-0.019
-0.024333333
-0.026666667
-0.025333333
-0.022
-0.019
-0.016
-0.016333333
-0.018333333
-0.019666667
-0.019666667
-0.018
-0.017333333
-0.017666667
-0.019333333
-0.020666667
-0.021
-0.019
-0.015666667
-0.011666667
-0.009666667
-0.009666667
-0.010666667
-0.011666667
-0.012333333
-0.014
-0.015
-0.015
-0.014
-0.013333333
-0.013
-0.012
-0.013666667
-0.015666667
-0.018
-0.02
-0.021
-0.020666667
-0.017333333
-0.016333333
-0.017333333
-0.018666667
-0.017666667
-0.014
-0.01
-0.007333333
-0.006333333
-0.007333333
-0.008666667
-0.010666667
-0.010666667
-0.008333333
-0.005333333
-0.005333333
-0.007
-0.007666667
-0.006
-0.003666667
-0.002666667
-0.002666667
-0.005666667
-0.009333333
-0.012
-0.011333333
-0.01
-0.009
-0.009
-0.009
-0.007333333
-0.007333333
-0.009
-0.011333333
-0.010666667
-0.007
-0.003666667
-0.001
0.001333333
0.002333333
0.004333333
0.006666667
0.007333333
0.007333333
0.006666667
0.008333333
0.008666667
0.009333333
0.01
0.009
0.004333333
-0.000666667
-0.002333333
-0.000333333
0.003333333
0.005333333
0.005666667
0.004666667
0.004
0.003333333
0.003333333
0.003
0.003333333
0.003333333
0.002
0.002
0.004333333
0.008333333
0.009333333
0.010333333
0.012333333
0.016666667
0.020666667
0.028333333
0.039333333
0.047
0.049
0.050666667
0.058
0.068666667
0.079333333
0.09
0.102
0.115666667
0.131666667
0.154
0.182333333
0.214666667
0.25
0.288666667
0.330333333
0.378666667
0.427
0.47
0.500333333
0.516333333
0.517333333
0.505666667
0.493
0.487666667
0.479
0.455
0.414333333
0.362
0.304666667
0.237666667
0.166666667
0.092
0.022333333
-0.037333333
-0.096666667
-0.155666667
-0.216666667
-0.266
-0.304333333
-0.338
-0.367666667
-0.391
-0.401
-0.402666667
-0.400333333
-0.393666667
-0.382
-0.367
-0.356666667
-0.350333333
-0.344666667
-0.334666667
-0.318333333
-0.304333333
-0.293
-0.28
-0.263
-0.246666667
-0.236
-0.224666667
-0.21
-0.197333333
-0.188666667
-0.186666667
-0.188333333
-0.190333333
-0.189
-0.183666667
-0.177
-0.172333333
-0.171
-0.172
-0.172333333
-0.167333333
-0.159
-0.15
-0.142
-0.135
-0.127333333
-0.120333333
-0.117666667
-0.116333333
-0.114333333
-0.109
-0.099
-0.086333333
-0.072666667
-0.059333333
-0.048333333
-0.04
-0.033333333
-0.025333333
-0.017333333
-0.014
-0.013
-0.012666667
-0.013
-0.013333333
-0.013333333
-0.010666667
-0.008333333
-0.009
-0.011666667
-0.014333333
-0.015
-0.015
-0.017
-0.020333333
-0.022
-0.023666667
-0.024666667
-0.024666667
-0.023
-0.024666667
-0.029
-0.03
-0.028666667
-0.029
-0.032333333
-0.033
-0.031
-0.03
-0.03
-0.031666667
-0.035333333
-0.037
-0.033333333
-0.028
-0.027333333
-0.029
-0.029333333
-0.029333333
-0.034
-0.04
-0.041666667
-0.04
-0.038333333
-0.035333333
-0.033
-0.031333333
-0.029666667
-0.028333333
-0.030333333
-0.036333333
-0.039
-0.034666667
-0.028666667
-0.028333333
-0.033333333
-0.037666667
-0.038
-0.035333333
-0.032333333
-0.029
-0.027666667
-0.029
-0.030333333
-0.03
-0.027666667
-0.027333333
-0.028666667
-0.029666667
-0.027333333
-0.022666667
-0.022666667
-0.027
-0.03
-0.028
-0.022666667
-0.019666667
-0.019333333
-0.021333333
-0.022333333
-0.022333333
-0.021333333
-0.020333333
-0.020333333
-0.022333333
-0.025666667
-0.028
-0.028333333
-0.026
-0.023333333
-0.023666667
-0.027666667
-0.03
-0.028333333
-0.026
-0.024333333
-0.021666667
-0.020333333
-0.024
-0.031
-0.035666667
-0.032666667
-0.025666667
-0.022333333
-0.025
-0.029666667
-0.032333333
-0.032
-0.032333333
-0.032
-0.030666667
-0.028666667
-0.026
-0.026
-0.026333333
-0.025
-0.024
-0.024
-0.026333333
-0.026333333
-0.022
-0.017
-0.015666667
-0.019666667
-0.023
-0.022666667
-0.020333333
-0.019
-0.019333333
-0.022
-0.025666667
-0.027
-0.026666667
-0.023666667
-0.021333333
-0.018666667
-0.018666667
-0.020666667
-0.02
-0.016
-0.010333333
-0.008333333
-0.009666667
-0.013
-0.013666667
-0.011
-0.006666667
-0.003666667
-0.001666667
-0.001333333
-0.003666667
-0.005
-0.005666667
-0.006333333
-0.009
-0.012666667
-0.015
-0.016333333
-0.015
-0.012666667
-0.011333333
-0.01
-0.010333333
-0.012666667
-0.018
-0.025
-0.029666667
-0.029666667
-0.026
-0.024666667
-0.026
-0.031
-0.035333333
-0.037333333
-0.038333333
-0.036666667
-0.035333333
-0.034333333
-0.038333333
-0.043333333
-0.045333333
-0.042666667
-0.039333333
-0.037666667
-0.034333333
-0.031666667
-0.03
-0.031
-0.031666667
-0.03
-0.030333333
-0.035333333
-0.040666667
-0.042333333
-0.041
-0.040666667
-0.042666667
-0.044666667
-0.046333333
-0.049
-0.050666667
-0.051333333
-0.050666667
-0.052333333
-0.055666667
-0.058666667
-0.059666667
-0.057
-0.051333333
-0.045666667
-0.044333333