-1.96
-1.96
-1.96
-1.96
-1.96
-1.96
-1.96
-1.96
-1.96
-1.96
-1.96
-1.96
-1.96
-1.96
-1.96
-1.96
-1.96
-1.96
-1.96
-1.96
-1.96
-1.96
-1.96
-1.96
-1.96
-1.96
-1.96
-1.96
-1.96
-1.96
-1.96
-1.96
-1.96
-1.96
-1.96
-1.96
-1.96
-1.96
-1.96
-1.96
-1.96
-1.96
-1.96
-1.96
-1.96
-1.96
-1.96
-1.96
-1.96
-1.96
-1.96
-1.96
-1.96
-1.96
-1.96
-1.96
-1.96
-1.96
-1.96
-1.96
-1.96
-1.96
-1.96
-1.96
-1.96
-1.96
-1.96
-1.96
-1.96
-1.96
-1.96
-1.96
-1.96
-1.96
-1.96
-1.96
-1.96
-1.96
-1.96
-1.96
-1.96
-1.96
-1.96
-1.96
-1.96
-1.96
-1.96
-1.96
-1.96
-1.96
-1.96
-1.96
-1.96
-1.96
-1.96
-1.96
-1.96
-1.96
-1.96
-1.96
-1.96
-1.96
-1.96
-1.96
-1.96
-1.96
-1.96
-1.963
-1.966
-1.968
-1.965
-1.96
-1.96
-1.96
-1.964
-1.965
-1.962
-1.956
-1.962
-1.967
-1.966
-1.969
-1.972
-1.968
-1.962
-1.963
-1.968
-1.965
-1.957
-1.96
-1.962
-1.961
-1.96
-1.96
-1.961
-1.962
-1.963
-1.962
-1.96
-1.96
-1.964
-1.967
-1.964
-1.964
-1.966
-1.968
-1.965
-1.964
-1.96
-1.956
-1.958
-1.962
-1.961
-1.958
-1.958
-1.958
-1.96
-1.962
-1.958
-1.958
-1.96
-1.96
-1.961
-1.958
-1.958
-1.958
-1.954
-1.955
-1.958
-1.957
-1.952
-1.95
-1.95
-1.954
-1.951
-1.946
-1.94
-1.933
-1.933
-1.938
-1.944
-1.939
-1.933
-1.933
-1.93
-1.927
-1.923
-1.921
-1.921
-1.919
-1.921
-1.923
-1.923
-1.921
-1.919
-1.917
-1.912
-1.908
-1.905
-1.903
-1.907
-1.909
-1.905
-1.898
-1.893
-1.897
-1.896
-1.893
-1.89
-1.885
-1.879
-1.873
-1.869
-1.867
-1.867
-1.863
-1.863
-1.868
-1.865
-1.861
-1.862
-1.864
-1.865
-1.867
-1.869
-1.871
-1.868
-1.865
-1.868
-1.874
-1.877
-1.879
-1.876
-1.873
-1.873
-1.878
-1.883
-1.877
-1.875
-1.875
-1.875
-1.873
-1.875
-1.877
-1.871
-1.873
-1.876
-1.884
-1.889
-1.891
-1.892
-1.892
-1.897
-1.905
-1.914
-1.922
-1.928
-1.934
-1.941
-1.948
-1.956
-1.953
-1.952
-1.958
-1.959
-1.962
-1.965
-1.97
-1.97
-1.968
-1.97
-1.973
-1.976
-1.974
-1.971
-1.972
-1.972
-1.968
-1.97
-1.972
-1.973
-1.974
-1.974
-1.973
-1.97
-1.971
-1.972
-1.978
-1.979
-1.982
-1.988
-1.984
-1.982
-1.978
-1.98
-1.984
-1.985
-1.988
-1.984
-1.983
-1.987
-1.984
-1.98
-1.982
-1.986
-1.988
-1.988
-1.984
-1.986
-1.99
-1.986
-1.984
-1.984
-1.983
-1.982
-1.986
-1.988
-1.987
-1.982
-1.982
-1.985
-1.984
-1.986
-1.991
-1.994
-1.993
-1.989
-1.988
-1.991
-1.993
-1.994
-1.992
-1.992
-1.994
-1.992
-1.992
-1.992
-1.996
-1.998
-2.001
-2.004
-2.006
-2.01
-2.015
-2.02
-2.024
-2.027
-2.026
-2.027
-2.029
-2.026
-2.023
-2.025
-2.022
-2.019
-2.017
-2.007
-1.986
-1.948
-1.911
-1.877
-1.838
-1.802
-1.766
-1.724
-1.677
-1.617
-1.539
-1.464
-1.411
-1.363
-1.31
-1.262
-1.238
-1.215
-1.171
-1.133
-1.107
-1.094
-1.081
-1.066
-1.056
-1.046
-1.032
-1.042
-1.068
-1.075
-1.087
-1.111
-1.146
-1.188
-1.231
-1.264
-1.317
-1.388
-1.45
-1.528
-1.599
-1.671
-1.747
-1.817
-1.885
-1.944
-1.994
-2.037
-2.065
-2.066
-2.05
-2.04
-2.035
-2.026
-2.01
-1.99
-1.976
-1.963
-1.951
-1.94
-1.933
-1.933
-1.935
-1.933
-1.935
-1.94
-1.943
-1.949
-1.952
-1.95
-1.95
-1.952
-1.959
-1.96
-1.962
-1.966
-1.962
-1.963
-1.97
-1.966
-1.964
-1.965
-1.962
-1.965
-1.964
-1.966
-1.967
-1.964
-1.966
-1.968
-1.967
-1.966
-1.966
-1.968
-1.967
-1.965
-1.963
-1.964
-1.965
-1.964
-1.964
-1.97
-1.97
-1.969
-1.967
-1.965
-1.964
-1.963
-1.964
-1.962
-1.96
-1.961
-1.96
-1.958
-1.958
-1.96
-1.957
-1.957
-1.956
-1.953
-1.95
-1.95
-1.95
-1.948
-1.948
-1.948
-1.95
-1.949
-1.946
-1.942
-1.946
-1.946
-1.94
-1.94
-1.94
-1.938
-1.935
-1.936
-1.938
-1.94
-1.938
-1.934
-1.931
-1.933
-1.937
-1.934
-1.935
-1.935
-1.935
-1.935
-1.933
-1.936
-1.937
-1.933
-1.929
-1.929
-1.929
-1.927
-1.929
-1.929
-1.925
-1.925
-1.925
-1.921
-1.917
-1.917
-1.919
-1.916
-1.917
-1.913
-1.909
-1.907
-1.903
-1.903
-1.9
-1.9
-1.903
-1.903
-1.899
-1.899
-1.899
-1.895
-1.897
-1.899
-1.897
-1.897
-1.899
-1.897
-1.893
-1.891
-1.887
-1.89
-1.889
-1.885
-1.887
-1.885
-1.885
-1.886
-1.885
-1.879
-1.873
-1.875
-1.873
-1.867
-1.866
-1.865
-1.864
-1.858
-1.855
-1.854
-1.849
-1.846
-1.843
-1.835
-1.833
-1.833
-1.831
-1.829
-1.825
-1.824
-1.82
-1.816
-1.813
-1.806
-1.802
-1.802
-1.8
-1.799
-1.795
-1.792
-1.789
-1.782
-1.778
-1.771
-1.768
-1.769
-1.766
-1.763
-1.758
-1.752
-1.746
-1.74
-1.736
-1.733
-1.73
-1.725
-1.72
-1.715
-1.71
-1.706
-1.7
-1.698
-1.693
-1.687
-1.68
-1.675
-1.671
-1.665
-1.66
-1.649
-1.646
-1.645
-1.639
-1.639
-1.634
-1.627
-1.623
-1.617
-1.615
-1.611
-1.605
-1.601
-1.595
-1.589
-1.587
-1.583
-1.58
-1.573
-1.566
-1.563
-1.56
-1.554
-1.55
-1.55
-1.545
-1.541
-1.538
-1.536
-1.534
-1.532
-1.532
-1.532
-1.533
-1.532
-1.53
-1.528
-1.53
-1.533
-1.534
-1.534
-1.538
-1.543
-1.548
-1.553
-1.56
-1.569
-1.577
-1.581
-1.585
-1.591
-1.593
-1.602
-1.612
-1.618
-1.625
-1.633
-1.639
-1.647
-1.659
-1.669
-1.677
-1.688
-1.694
-1.7
-1.708
-1.72
-1.732
-1.738
-1.746
-1.755
-1.766
-1.776
-1.782
-1.792
-1.8
-1.805
-1.812
-1.821
-1.829
-1.835
-1.841
-1.85
-1.859
-1.865
-1.869
-1.877
-1.881
-1.885
-1.891
-1.897
-1.903
-1.906
-1.911
-1.915
-1.917
-1.921
-1.924
-1.931
-1.933
-1.929
-1.931
-1.933
-1.935
-1.938
-1.937
-1.938
-1.942
-1.943
-1.945
-1.946
-1.946
-1.948
-1.95
-1.952
-1.955
-1.953
-1.951
-1.95
-1.951
-1.955
-1.958
-1.963
-1.962
-1.96
-1.962
-1.962
-1.964
-1.965
-1.963
-1.968
-1.971
-1.967
-1.965
-1.964
-1.963
-1.966
-1.965
-1.964
-1.967
-1.967
-1.97
-1.971
-1.969
-1.97
-1.969
-1.972
-1.974
-1.974
-1.974
-1.976
-1.978
-1.977
-1.978
-1.978
-1.978
-1.977
-1.972
-1.974
-1.975
-1.972
-1.972
-1.974
-1.973
-1.974
-1.974
-1.975
-1.976
-1.977
-1.976
-1.979
-1.984
-1.982
-1.981
-1.982
-1.98
-1.981
-1.983
-1.979
-1.977
-1.976
-1.974
-1.978
-1.978
-1.978
-1.98
-1.981
-1.978
-1.977
-1.978
-1.976
-1.977
-1.979
-1.982
-1.984
-1.984
-1.982
-1.981
-1.98
-1.982
-1.982
-1.978
-1.978
-1.982
-1.982
-1.98
-1.982
-1.985
-1.982
-1.976
-1.976
-1.976
-1.976
-1.978
-1.978
-1.975
-1.974
-1.973
-1.974
-1.976
-1.973
-1.974
-1.974
-1.973
-1.973
-1.976
-1.976
-1.974
-1.974
-1.974
-1.977
-1.976
-1.974
-1.978
-1.976
-1.974
-1.972
-1.976
-1.976
-1.974
-1.974
-1.974
-1.974
-1.974
-1.974
-1.974
-1.974
-1.975
-1.976
-1.974
-1.972
-1.971
-1.973
-1.974
-1.976
-1.978
-1.976
-1.974
-1.974
-1.976
-1.976
-1.974
-1.975
-1.978
-1.978
-1.978
-1.977
-1.974
-1.974
-1.977
-1.978
-1.978
-1.977
-1.978
-1.978
-1.978
-1.978
-1.974
-1.977
-1.976
-1.974
-1.976
-1.974
-1.974
-1.974
-1.978
-1.98
-1.98
-1.98
-1.974
-1.974
-1.974
-1.973
-1.976
-1.976
-1.974
-1.974
-1.972
-1.969
-1.968
-1.968
-1.966
-1.966
-1.964
-1.966
-1.967
-1.966
-1.966
-1.963
-1.965
-1.967
-1.964
-1.966
-1.966
-1.964
-1.966
-1.97
-1.969
-1.968
-1.967
-1.967
-1.968
-1.965
-1.961
-1.964
-1.969
-1.97
-1.966
-1.968
-1.966
-1.963
-1.966
-1.966
-1.967
-1.965
-1.964
-1.967
-1.969
-1.971
-1.968
-1.967
-1.966
-1.964
-1.962
-1.96
-1.96
-1.96
-1.96
-1.96
-1.96
-1.96
-1.96
-1.96
-1.96
-1.96
-1.96
-1.96
-1.96
