-1.96
-1.96
-1.96
-1.96
-1.96
-1.96
-1.96
-1.96
-1.96003
-1.96009
-1.96017
-1.96022
-1.96022
-1.96022
-1.96022
-1.96026
-1.96031
-1.96033
-1.96029
-1.96031
-1.96038
-1.96044
-1.96053
-1.96065
-1.96073
-1.96075
-1.96078
-1.96086
-1.96091
-1.96088
-1.96088
-1.9609
-1.96091
-1.96091
-1.96091
-1.96092
-1.96094
-1.96097
-1.96099
-1.96099
-1.96099
-1.96103
-1.9611
-1.96114
-1.96118
-1.96124
-1.96132
-1.96137
-1.96141
-1.96141
-1.96137
-1.96135
-1.96137
-1.96138
-1.96136
-1.96134
-1.96132
-1.96132
-1.96134
-1.96132
-1.9613
-1.9613
-1.9613
-1.96131
-1.96129
-1.96127
-1.96125
-1.96119
-1.96114
-1.96112
-1.96109
-1.96101
-1.96091
-1.96081
-1.96075
-1.96066
-1.96052
-1.96032
-1.96005
-1.95978
-1.95956
-1.9594
-1.95919
-1.95892
-1.95865
-1.95835
-1.95802
-1.95765
-1.95726
-1.95687
-1.95646
-1.95607
-1.9557
-1.95533
-1.95494
-1.95453
-1.9541
-1.95362
-1.9531
-1.95255
-1.95198
-1.95145
-1.95094
-1.95039
-1.94977
-1.9491
-1.94847
-1.94783
-1.94713
-1.94637
-1.94554
-1.94468
-1.94381
-1.9429
-1.94197
-1.941
-1.93998
-1.93899
-1.93811
-1.93714
-1.93608
-1.93504
-1.93399
-1.93292
-1.93191
-1.93098
-1.93006
-1.92906
-1.92806
-1.92717
-1.92631
-1.92546
-1.92464
-1.9238
-1.92293
-1.92205
-1.92121
-1.92041
-1.91956
-1.91871
-1.91786
-1.91697
-1.91603
-1.91514
-1.91427
-1.91332
-1.91237
-1.91148
-1.91068
-1.90997
-1.90932
-1.90866
-1.90796
-1.90732
-1.90679
-1.90635
-1.90599
-1.90567
-1.90539
-1.90522
-1.90512
-1.90508
-1.90501
-1.90492
-1.90492
-1.90493
-1.90497
-1.90508
-1.90523
-1.90535
-1.90546
-1.90564
-1.90587
-1.90613
-1.90633
-1.90653
-1.90679
-1.90711
-1.90746
-1.90783
-1.90817
-1.90846
-1.90881
-1.90922
-1.90962
-1.91002
-1.91046
-1.91095
-1.91152
-1.9121
-1.91273
-1.9134
-1.91401
-1.9146
-1.91517
-1.91578
-1.91645
-1.91718
-1.91798
-1.91877
-1.91957
-1.92037
-1.92112
-1.92187
-1.92271
-1.92364
-1.92455
-1.92547
-1.92638
-1.92734
-1.92839
-1.92946
-1.93057
-1.93172
-1.93288
-1.93403
-1.93526
-1.93651
-1.9377
-1.93887
-1.94008
-1.94131
-1.94251
-1.94372
-1.94496
-1.94621
-1.94743
-1.94864
-1.94987
-1.9511
-1.95229
-1.95346
-1.95459
-1.95575
-1.95696
-1.95815
-1.95929
-1.96038
-1.96157
-1.9628
-1.96406
-1.96535
-1.96668
-1.96803
-1.96941
-1.9709
-1.97241
-1.97392
-1.97534
-1.97672
-1.9781
-1.97944
-1.98075
-1.98203
-1.9832
-1.98425
-1.9852
-1.98599
-1.98651
-1.98658
-1.98621
-1.98542
-1.98427
-1.98277
-1.98085
-1.9785
-1.97565
-1.97217
-1.96786
-1.9628
-1.95723
-1.95116
-1.94453
-1.93739
-1.93003
-1.92247
-1.91446
-1.90607
-1.89746
-1.8887
-1.87979
-1.87072
-1.86154
-1.85226
-1.84285
-1.83357
-1.82454
-1.81557
-1.80666
-1.79798
-1.78962
-1.78162
-1.77409
-1.76691
-1.7603
-1.75438
-1.74904
-1.74447
-1.74058
-1.73745
-1.73509
-1.73339
-1.7324
-1.73204
-1.73216
-1.73267
-1.73344
-1.73422
-1.73488
-1.73542
-1.73587
-1.73627
-1.73653
-1.73659
-1.73652
-1.73633
-1.73598
-1.7355
-1.73496
-1.73447
-1.734
-1.73348
-1.73299
-1.73253
-1.73205
-1.7316
-1.73119
-1.7308
-1.73042
-1.73003
-1.72969
-1.72935
-1.72905
-1.72879
-1.72847
-1.72818
-1.72796
-1.7277
-1.72738
-1.72705
-1.72666
-1.72627
-1.72585
-1.72541
-1.72493
-1.72437
-1.72379
-1.7232
-1.72261
-1.722
-1.72137
-1.72079
-1.72023
-1.71963
-1.71904
-1.71849
-1.71797
-1.71754
-1.71732
-1.71754
-1.71813
-1.71905
-1.72034
-1.72197
-1.72395
-1.72634
-1.72921
-1.73266
-1.73687
-1.74184
-1.74733
-1.75328
-1.75976
-1.76674
-1.77393
-1.78135
-1.7892
-1.7974
-1.80583
-1.81439
-1.82308
-1.8319
-1.84082
-1.84984
-1.85902
-1.86809
-1.87687
-1.88554
-1.89413
-1.90248
-1.91042
-1.91794
-1.92503
-1.93177
-1.93795
-1.94343
-1.94831
-1.95243
-1.95582
-1.95845
-1.96029
-1.96145
-1.96197
-1.96187
-1.96128
-1.96026
-1.95896
-1.95765
-1.95648
-1.95544
-1.95446
-1.95353
-1.95272
-1.95211
-1.95164
-1.95128
-1.95106
-1.95095
-1.95087
-1.95079
-1.95069
-1.95057
-1.95039
-1.95016
-1.94992
-1.94959
-1.94924
-1.94887
-1.94846
-1.94801
-1.94745
-1.94688
-1.94626
-1.9456
-1.94501
-1.94441
-1.9437
-1.94303
-1.94238
-1.94168
-1.94103
-1.94037
-1.9397
-1.93901
-1.93833
-1.93766
-1.93693
-1.93616
-1.93536
-1.9346
-1.93383
-1.933
-1.9322
-1.9314
-1.93062
-1.92984
-1.92904
-1.92819
-1.92728
-1.92633
-1.92536
-1.92434
-1.92333
-1.92233
-1.92133
-1.92028
-1.91919
-1.91811
-1.917
-1.91585
-1.91468
-1.91345
-1.9122
-1.91093
-1.90967
-1.90839
-1.90708
-1.90579
-1.90449
-1.90315
-1.90178
-1.90036
-1.8989
-1.89744
-1.89594
-1.89444
-1.89293
-1.89143
-1.88986
-1.88822
-1.8866
-1.88491
-1.88319
-1.8815
-1.87981
-1.87808
-1.87628
-1.8744
-1.87248
-1.87054
-1.86859
-1.86659
-1.86452
-1.86243
-1.86028
-1.85808
-1.85583
-1.85354
-1.85121
-1.84883
-1.84639
-1.84393
-1.84144
-1.8389
-1.83632
-1.8337
-1.83101
-1.82821
-1.82542
-1.82262
-1.81976
-1.81694
-1.81411
-1.81121
-1.80825
-1.80526
-1.80224
-1.79922
-1.79618
-1.79312
-1.79004
-1.7869
-1.78377
-1.7806
-1.77737
-1.77407
-1.77074
-1.76738
-1.76399
-1.76058
-1.75711
-1.75362
-1.7501
-1.74654
-1.74293
-1.73932
-1.73573
-1.73214
-1.72859
-1.72501
-1.72145
-1.71792
-1.71435
-1.71078
-1.70723
-1.7037
-1.70019
-1.69674
-1.69339
-1.69007
-1.68682
-1.68368
-1.68062
-1.67766
-1.67479
-1.67202
-1.66932
-1.66669
-1.66413
-1.66169
-1.65938
-1.65721
-1.65513
-1.65313
-1.65121
-1.64939
-1.64773
-1.64618
-1.64475
-1.64347
-1.64228
-1.64122
-1.64028
-1.63946
-1.63878
-1.63817
-1.63768
-1.63731
-1.63708
-1.63702
-1.63706
-1.63727
-1.63759
-1.63795
-1.63841
-1.63899
-1.6397
-1.64053
-1.64148
-1.64258
-1.64381
-1.64513
-1.64652
-1.64804
-1.64965
-1.65135
-1.65316
-1.65507
-1.6571
-1.65918
-1.66136
-1.66364
-1.66601
-1.66847
-1.671
-1.67366
-1.67639
-1.67919
-1.68204
-1.68492
-1.68788
-1.69087
-1.6939
-1.69701
-1.7002
-1.70346
-1.70676
-1.71011
-1.71352
-1.71699
-1.72054
-1.72417
-1.72785
-1.73155
-1.73526
-1.73903
-1.74288
-1.7468
-1.75078
-1.75487
-1.75899
-1.76309
-1.76726
-1.77147
-1.77573
-1.78002
-1.78431
-1.78867
-1.79306
-1.79741
-1.80173
-1.80605
-1.81038
-1.81476
-1.81911
-1.82342
-1.82775
-1.83208
-1.8364
-1.84068
-1.84489
-1.84906
-1.85315
-1.85718
-1.86115
-1.86508
-1.86897
-1.87282
-1.87667
-1.88042
-1.88408
-1.88768
-1.89121
-1.89465
-1.89798
-1.90125
-1.90441
-1.90744
-1.91039
-1.91325
-1.91604
-1.91878
-1.92144
-1.92399
-1.92643
-1.92882
-1.93112
-1.93336
-1.93554
-1.9376
-1.93959
-1.94149
-1.94329
-1.94505
-1.94676
-1.94834
-1.94982
-1.95123
-1.95256
-1.95384
-1.95503
-1.95616
-1.95727
-1.95831
-1.95928
-1.9602
-1.96107
-1.96186
-1.9626
-1.96333
-1.96404
-1.96473
-1.9654
-1.96601
-1.96658
-1.96707
-1.96756
-1.96809
-1.96856
-1.96901
-1.96948
-1.96992
-1.97035
-1.97079
-1.97122
-1.97161
-1.97192
-1.97222
-1.97252
-1.9728
-1.97308
-1.97334
-1.97354
-1.97375
-1.97397
-1.97421
-1.97446
-1.97464
-1.9748
-1.97491
-1.97502
-1.97515
-1.97529
-1.97543
-1.97553
-1.97562
-1.97573
-1.97582
-1.97587
-1.97594
-1.97607
-1.97619
-1.9763
-1.97636
-1.97647
-1.97659
-1.97666
-1.97673
-1.97677
-1.9768
-1.97685
-1.97689
-1.97694
-1.97696
-1.97697
-1.97699
-1.97699
-1.97695
-1.97688
-1.97684
-1.9768
-1.97678
-1.97678
-1.97677
-1.97679
-1.97679
-1.9768
-1.97684
-1.97686
-1.97687
-1.97692
-1.97696
-1.977
-1.97702
-1.977
-1.97697
-1.97698
-1.97697
-1.97691
-1.97686
-1.97683
-1.97679
-1.97677
-1.97674
-1.97665
-1.97663
-1.97662
-1.9766
-1.97662
-1.97658
-1.97654
-1.9765
-1.97648
-1.97647
-1.97649
-1.97652
-1.97648
-1.97646
-1.97643
-1.97637
-1.97631
-1.97623
-1.97613
-1.97605
-1.97596
-1.97585
-1.97571
-1.97557
-1.97545
-1.97533
-1.97515
-1.97499
-1.97486
-1.9747
-1.97451
-1.97432
-1.97421
-1.97412
-1.974
-1.9739
-1.97378
-1.97364
-1.97355
-1.97351
-1.97347
-1.97341
-1.97332
-1.97326
-1.9732
-1.97311
-1.97299
-1.9729
-1.97283
-1.97277
-1.97269
-1.97263
-1.97255
-1.97241
-1.97231
-1.97223
-1.97212
-1.97201
-1.97191
-1.97186
-1.97179
-1.97174
-1.97168
-1.97161
-1.97153
-1.97143
-1.97131
-1.97117
-1.97103
-1.97089
-1.97074
-1.97058
-1.97044
-1.97032
-1.97021
-1.97008
-1.96994
-1.96978
-1.9696
-1.96944
-1.9693
-1.969252525
-1.969183673
-1.969113402
-1.9690625
-1.969
-1.968904255
-1.968806452
-1.968706522
-1.968615385
-1.968555556
-1.968494382
-1.968397727
-1.968287356
-1.968174419
-1.968070588
-1.967952381
-1.967831325
-1.967707317
-1.967580247
