-1.96
-1.96
-1.96
-1.96
-1.96
-1.96
-1.96
-1.96
-1.96
-1.96
-1.96
-1.96
-1.96
-1.96
-1.96
-1.96
-1.96
-1.96
-1.96
-1.96
-1.96
-1.96
-1.96
-1.96
-1.96
-1.96
-1.96
-1.96
-1.96
-1.96
-1.96
-1.96
-1.96
-1.96
-1.96
-1.96
-1.96
-1.96
-1.96
-1.96
-1.96
-1.96
-1.96
-1.96
-1.96
-1.96
-1.96
-1.96
-1.96
-1.96
-1.96
-1.96
-1.96
-1.96
-1.96
-1.96
-1.96
-1.96
-1.96
-1.96
-1.96
-1.96
-1.96
-1.96
-1.96
-1.96
-1.96
-1.96
-1.96
-1.96
-1.96
-1.96
-1.96
-1.96
-1.96
-1.96
-1.96
-1.96
-1.9601
-1.9603
-1.960566667
-1.960733333
-1.960733333
-1.960733333
-1.960733333
-1.960866667
-1.961033333
-1.9611
-1.960966667
-1.961033333
-1.961266667
-1.961466667
-1.961766667
-1.962166667
-1.962433333
-1.9625
-1.9626
-1.962866667
-1.963033333
-1.962933333
-1.962933333
-1.963
-1.963033333
-1.963033333
-1.963033333
-1.963066667
-1.963133333
-1.963233333
-1.9632
-1.963
-1.962733333
-1.9627
-1.962933333
-1.963066667
-1.9632
-1.963266667
-1.963366667
-1.963466667
-1.963733333
-1.963666667
-1.9633
-1.963033333
-1.9628
-1.962433333
-1.9621
-1.961966667
-1.9618
-1.961533333
-1.961433333
-1.961466667
-1.9614
-1.961333333
-1.9613
-1.961333333
-1.961266667
-1.961166667
-1.961033333
-1.960733333
-1.9605
-1.960433333
-1.960333333
-1.959933333
-1.959366667
-1.9589
-1.958566667
-1.958066667
-1.957333333
-1.9565
-1.955466667
-1.954566667
-1.953966667
-1.9535
-1.952733333
-1.9518
-1.950966667
-1.950033333
-1.949
-1.947766667
-1.9464
-1.945166667
-1.943866667
-1.942566667
-1.941333333
-1.940066667
-1.938833333
-1.937533333
-1.936166667
-1.934766667
-1.9332
-1.931433333
-1.929633333
-1.928133333
-1.926766667
-1.925266667
-1.9234
-1.921466667
-1.919833333
-1.918366667
-1.917033333
-1.9156
-1.913833333
-1.911666667
-1.909466667
-1.907333333
-1.905133333
-1.903033333
-1.9009
-1.8989
-1.897133333
-1.895266667
-1.893333333
-1.891366667
-1.8894
-1.887466667
-1.885666667
-1.884
-1.882466667
-1.881
-1.879566667
-1.878333333
-1.877366667
-1.876366667
-1.875366667
-1.8744
-1.873566667
-1.8729
-1.872266667
-1.871833333
-1.8713
-1.8708
-1.870466667
-1.870333333
-1.870333333
-1.870533333
-1.870866667
-1.871
-1.871333333
-1.871766667
-1.8723
-1.8731
-1.8741
-1.8751
-1.876033333
-1.8771
-1.878366667
-1.879866667
-1.881566667
-1.883566667
-1.885866667
-1.8883
-1.890766667
-1.8934
-1.895866667
-1.8984
-1.901233333
-1.9041
-1.9069
-1.909633333
-1.912733333
-1.9159
-1.919
-1.922166667
-1.9255
-1.928866667
-1.9321
-1.935433333
-1.938733333
-1.941933333
-1.944733333
-1.947433333
-1.950133333
-1.952833333
-1.955566667
-1.958133333
-1.9604
-1.962266667
-1.9639
-1.965366667
-1.966833333
-1.9681
-1.969233333
-1.9703
-1.971333333
-1.972333333
-1.973
-1.9737
-1.974433333
-1.9751
-1.9757
-1.976166667
-1.976666667
-1.977233333
-1.9776
-1.977733333
-1.978
-1.9785
-1.979033333
-1.979566667
-1.9801
-1.980633333
-1.981233333
-1.981666667
-1.982
-1.982333333
-1.982666667
-1.983066667
-1.983566667
-1.9841
-1.9844
-1.9845
-1.9845
-1.9844
-1.9844
-1.984533333
-1.984966667
-1.985433333
-1.985733333
-1.985866667
-1.985866667
-1.9861
-1.986433333
-1.986666667
-1.986933333
-1.987333333
-1.987733333
-1.987933333
-1.988066667
-1.9882
-1.9886
-1.989
-1.989366667
-1.989966667
-1.9907
-1.991566667
-1.992633333
-1.9939
-1.995166667
-1.996466667
-1.997766667
-1.999266667
-2.000833333
-2.0022
-2.0035
-2.0048
-2.005833333
-2.006666667
-2.007466667
-2.008066667
-2.008
-2.006566667
-2.003833333
-1.999933333
-1.9948
-1.988466667
-1.980866667
-1.971933333
-1.961433333
-1.948933333
-1.9337
-1.9159
-1.896233333
-1.874866667
-1.851666667
-1.826733333
-1.800833333
-1.774
-1.745566667
-1.715766667
-1.685133333
-1.654033333
-1.622433333
-1.590433333
-1.5582
-1.525566667
-1.492566667
-1.46
-1.428366667
-1.3973
-1.367333333
-1.339433333
-1.313933333
-1.290966667
-1.270733333
-1.2528
-1.237833333
-1.226633333
-1.219066667
-1.2161
-1.2181
-1.225
-1.2362
-1.251333333
-1.2705
-1.293233333
-1.318433333
-1.345833333
-1.375633333
-1.406733333
-1.438166667
-1.4697
-1.5015
-1.5335
-1.5653
-1.596766667
-1.628233333
-1.658933333
-1.688366667
-1.7172
-1.7454
-1.7728
-1.7991
-1.823933333
-1.8474
-1.869933333
-1.8908
-1.9095
-1.926233333
-1.9403
-1.952
-1.961366667
-1.968433333
-1.9732
-1.975766667
-1.9765
-1.975433333
-1.972966667
-1.9698
-1.966466667
-1.9636
-1.9611
-1.958666667
-1.956633333
-1.9551
-1.9543
-1.954
-1.954033333
-1.954533333
-1.955466667
-1.9566
-1.9577
-1.958733333
-1.9599
-1.960966667
-1.9618
-1.962466667
-1.962966667
-1.9634
-1.963866667
-1.964333333
-1.964933333
-1.9653
-1.9656
-1.965766667
-1.965733333
-1.9658
-1.9658
-1.9656
-1.965466667
-1.965333333
-1.9652
-1.965133333
-1.9649
-1.9647
-1.9645
-1.964166667
-1.963933333
-1.9636
-1.9631
-1.962533333
-1.962
-1.961466667
-1.9608
-1.960166667
-1.9596
-1.959166667
-1.958666667
-1.958033333
-1.9573
-1.9567
-1.9559
-1.9549
-1.953933333
-1.953033333
-1.952133333
-1.951166667
-1.950266667
-1.9494
-1.948666667
-1.947933333
-1.947033333
-1.946066667
-1.945233333
-1.944533333
-1.943666667
-1.942933333
-1.9422
-1.9415
-1.9409
-1.940333333
-1.939866667
-1.939433333
-1.938933333
-1.9383
-1.937666667
-1.936966667
-1.936233333
-1.935666667
-1.935233333
-1.934533333
-1.933833333
-1.933333333
-1.9327
-1.931933333
-1.931233333
-1.9307
-1.930033333
-1.929333333
-1.928433333
-1.927466667
-1.926566667
-1.925633333
-1.924633333
-1.9234
-1.922266667
-1.9212
-1.920133333
-1.918933333
-1.917733333
-1.9166
-1.915233333
-1.9139
-1.912766667
-1.9117
-1.910633333
-1.909633333
-1.908633333
-1.907433333
-1.906166667
-1.9049
-1.903733333
-1.902533333
-1.901333333
-1.900333333
-1.899266667
-1.898133333
-1.897133333
-1.896066667
-1.894933333
-1.893733333
-1.892666667
-1.891666667
-1.890466667
-1.889333333
-1.888166667
-1.886866667
-1.885366667
-1.8839
-1.8824
-1.880733333
-1.8791
-1.8773
-1.875166667
-1.873033333
-1.8709
-1.868633333
-1.866366667
-1.8641
-1.861866667
-1.859633333
-1.857166667
-1.854633333
-1.852
-1.849166667
-1.8464
-1.843566667
-1.840666667
-1.837666667
-1.834766667
-1.831966667
-1.828866667
-1.8257
-1.8225
-1.819233333
-1.816033333
-1.812766667
-1.8096
-1.806366667
-1.802966667
-1.799533333
-1.796
-1.792433333
-1.789033333
-1.7856
-1.782
-1.7783
-1.7745
-1.770666667
-1.766733333
-1.762733333
-1.7588
-1.7548
-1.750833333
-1.746766667
-1.742533333
-1.738233333
-1.733766667
-1.729266667
-1.7245
-1.719733333
-1.715166667
-1.710533333
-1.706133333
-1.701666667
-1.696933333
-1.692166667
-1.6873
-1.682533333
-1.677833333
-1.673133333
-1.6685
-1.6638
-1.659
-1.654233333
-1.6495
-1.644833333
-1.6401
-1.6353
-1.630533333
-1.625866667
-1.621066667
-1.6163
-1.611733333
-1.607233333
-1.602766667
-1.598333333
-1.594033333
-1.589833333
-1.585933333
-1.582133333
-1.578366667
-1.574833333
-1.571266667
-1.5678
-1.5645
-1.5614
-1.5586
-1.5559
-1.553333333
-1.5511
-1.549166667
-1.5476
-1.5464
-1.5455
-1.545033333
-1.544933333
-1.5452
-1.545833333
-1.546766667
-1.547866667
-1.549466667
-1.551533333
-1.5538
-1.556466667
-1.559533333
-1.5629
-1.5666
-1.570766667
-1.575333333
-1.580166667
-1.585366667
-1.590733333
-1.596333333
-1.602266667
-1.608666667
-1.6154
-1.622233333
-1.6293
-1.636666667
-1.644266667
-1.652033333
-1.659833333
-1.6678
-1.6758
-1.683666667
-1.6915
-1.6995
-1.707633333
-1.715766667
-1.724033333
-1.7323
-1.740533333
-1.748766667
-1.7569
-1.765033333
-1.7731
-1.781033333
-1.788766667
-1.796366667
-1.8039
-1.811166667
-1.8184
-1.825566667
-1.832533333
-1.839233333
-1.845633333
-1.852066667
-1.8583
-1.8641
-1.8696
-1.874833333
-1.879933333
-1.8848
-1.889366667
-1.8938
-1.898133333
-1.9022
-1.906066667
-1.909766667
-1.913266667
-1.916533333
-1.919566667
-1.922466667
-1.925333333
-1.927866667
-1.9302
-1.932366667
-1.934366667
-1.9363
-1.938133333
-1.940033333
-1.941733333
-1.943233333
-1.944733333
-1.9461
-1.947433333
-1.948566667
-1.949566667
-1.950866667
-1.9522
-1.953333333
-1.954333333
-1.9552
-1.956066667
-1.957
-1.957766667
-1.958466667
-1.9592
-1.9599
-1.9607
-1.961466667
-1.9621
-1.9627
-1.963166667
-1.9638
-1.964566667
-1.965366667
-1.966133333
-1.966833333
-1.9675
-1.967966667
-1.9685
-1.9691
-1.969633333
-1.970133333
-1.9704
-1.9707
-1.9711
-1.971233333
-1.971266667
-1.9715
-1.971766667
-1.9721
-1.972466667
-1.972766667
-1.973133333
-1.973566667
-1.973866667
-1.974266667
-1.974733333
-1.9751
-1.9755
-1.9759
-1.976266667
-1.976566667
-1.976866667
-1.977033333
-1.977133333
-1.977133333
-1.977
-1.977033333
-1.977033333
-1.977033333
-1.9771
-1.977233333
-1.977433333
-1.977533333
-1.977633333
-1.977766667
-1.977933333
-1.9781
-1.9784
-1.978733333
-1.979066667
-1.9793
-1.979466667
-1.979566667
-1.979766667
-1.979866667
-1.979666667
-1.979533333
-1.979566667
-1.979566667
-1.979566667
-1.9796
-1.979666667
-1.979766667
-1.979733333
-1.979733333
-1.9798
-1.979733333
-1.979733333
-1.979733333
-1.979566667
-1.979333333
-1.979166667
-1.979066667
-1.979
-1.9789
-1.9788
-1.978633333
-1.978333333
-1.977966667
-1.9777
-1.9775
-1.977266667
-1.977066667
-1.9768
-1.976633333
-1.976566667
-1.976433333
-1.9763
-1.9761
-1.9759
-1.975566667
-1.975266667
-1.975066667
-1.975
-1.974933333
-1.974866667
-1.9748
-1.974666667
-1.974533333
-1.9745
-1.9745
-1.974566667
-1.974633333
-1.974566667
-1.974533333
-1.974433333
-1.9744
-1.974433333
-1.974533333
-1.9746
-1.9746
-1.9746
-1.9746
-1.974666667
-1.974633333
-1.974566667
-1.9746
-1.9746
-1.974666667
-1.9748
-1.974966667
-1.9749
-1.974833333
-1.974933333
-1.975066667
-1.9752
-1.9753
-1.975433333
-1.975566667
-1.9757
-1.975833333
-1.9758
-1.975833333
-1.9759
-1.975966667
-1.976133333
-1.976166667
-1.976166667
-1.9761
-1.9761
-1.976233333
-1.976433333
-1.976633333
-1.976566667
-1.9765
-1.9765
-1.976433333
-1.976366667
-1.9763
-1.976166667
-1.976066667
-1.976
-1.975833333
-1.975533333
-1.9752
-1.9748
-1.974433333
-1.973966667
-1.973566667
-1.9732
-1.9728
-1.972533333
-1.972066667
-1.9717
-1.971466667
-1.971066667
-1.9708
-1.970533333
-1.9702
-1.9698
-1.969466667
-1.9691
-1.9687
-1.968466667
-1.968233333
-1.968033333
-1.967766667
-1.967266667
-1.966866667
-1.9667
-1.966566667
-1.966366667
-1.966333333
-1.966266667
-1.9661
-1.9661
-1.9661
-1.9662
-1.966166667
-1.966066667
-1.9661
-1.9662
-1.966466667
-1.966566667
-1.966566667
-1.966633333
-1.966566667
-1.966433333
-1.9663
-1.9661
-1.965766667
-1.965466667
-1.9652
-1.964966667
-1.964733333
-1.964466667
-1.9643
-1.964266667
-1.964133333
-1.963833333
-1.9635
-1.9633
-1.963137931
-1.963035714
-1.963037037
-1.962923077
-1.9628
-1.962625
-1.962521739
-1.962454545
-1.962238095
-1.9619
-1.961421053
-1.961055556
-1.960705882
-1.960375
-1.960133333
-1.96
-1.96
-1.96
-1.96
