0.014666667
0.016
0.014
0.011666667
0.009
0.009
0.007666667
0.003666667
-0.001
-0.004
-0.005
-0.007
-0.008666667
-0.009333333
-0.007
-0.006333333
-0.008
-0.010333333
-0.015333333
-0.018666667
-0.019333333
-0.015
-0.010666667
-0.011
-0.015333333
-0.021333333
-0.028666667
-0.034666667
-0.037
-0.038333333
-0.034666667
-0.03
-0.029333333
-0.033333333
-0.043
-0.047333333
-0.048666667
-0.046666667
-0.042666667
-0.044666667
-0.047666667
-0.055333333
-0.061666667
-0.065333333
-0.064666667
-0.062666667
-0.066
-0.068666667
-0.067333333
-0.063666667
-0.061666667
-0.06
-0.056333333
-0.056333333
-0.061333333
-0.067333333
-0.068666667
-0.068666667
-0.07
-0.071333333
-0.071666667
-0.070333333
-0.07
-0.071333333
-0.074
-0.078
-0.080333333
-0.081333333
-0.081
-0.081
-0.081333333
-0.08
-0.078666667
-0.079
-0.079333333
-0.078
-0.077333333
-0.080333333
-0.084
-0.081666667
-0.077666667
-0.074333333
-0.077333333
-0.081666667
-0.082666667
-0.080333333
-0.076
-0.074
-0.074
-0.076333333
-0.080333333
-0.082333333
-0.083333333
-0.083333333
-0.083333333
-0.084
-0.084
-0.082333333
-0.078666667
-0.076
-0.075333333
-0.076333333
-0.08
-0.087
-0.089666667
-0.089
-0.089
-0.089666667
-0.091333333
-0.091
-0.092
-0.091333333
-0.092
-0.092
-0.090333333
-0.088666667
-0.089333333
-0.091666667
-0.09
-0.088333333
-0.089333333
-0.090333333
-0.089
-0.086
-0.085
-0.087
-0.089
-0.089
-0.091
-0.092
-0.092666667
-0.093
-0.094
-0.096333333
-0.098333333
-0.101666667
-0.104
-0.103666667
-0.101333333
-0.1
-0.098333333
-0.097666667
-0.099666667
-0.101666667
-0.103333333
-0.101
-0.1
-0.102666667
-0.105666667
-0.106666667
-0.104333333
-0.101666667
-0.097666667
-0.092666667
-0.089666667
-0.092333333
-0.098
-0.102333333
-0.101666667
-0.099
-0.098
-0.098
-0.097
-0.092666667
-0.088666667
-0.087666667
-0.092666667
-0.100333333
-0.105
-0.105666667
-0.104333333
-0.106
-0.108666667
-0.108333333
-0.105333333
-0.100333333
-0.099
-0.097666667
-0.097666667
-0.098
-0.096666667
-0.096
-0.093666667
-0.095333333
-0.097
-0.096333333
-0.095666667
-0.094
-0.094333333
-0.096
-0.096666667
-0.096666667
-0.096
-0.098
-0.101666667
-0.103333333
-0.103
-0.101333333
-0.099
-0.097333333
-0.098
-0.1
-0.101666667
-0.101333333
-0.101333333
-0.104666667
-0.107
-0.105666667
-0.103333333
-0.101333333
-0.101666667
-0.100666667
-0.100666667
-0.104
-0.103333333
-0.099666667
-0.094666667
-0.095
-0.099333333
-0.099666667
-0.096666667
-0.093333333
-0.091
-0.089
-0.086333333
-0.084333333
-0.086333333
-0.089333333
-0.091666667
-0.094333333
-0.097333333
-0.100333333
-0.099333333
-0.098666667
-0.099333333
-0.100666667
-0.100666667
-0.099333333
-0.100333333
-0.101666667
-0.101666667
-0.101333333
-0.100333333
-0.099
-0.100333333
-0.101333333
-0.102333333
-0.1
-0.097333333
-0.101
-0.104666667
-0.108
-0.109
-0.110666667
-0.113333333
-0.115333333
-0.117
-0.117333333
-0.117333333
-0.116
-0.12
-0.123
-0.123
-0.119333333
-0.115666667
-0.114333333
-0.111
-0.107666667
-0.104333333
-0.105
-0.108666667
-0.112333333
-0.113333333
-0.113
-0.113
-0.113666667
-0.112666667
-0.108666667
-0.105666667
-0.103666667
-0.106333333
-0.110666667
-0.113333333
-0.116333333
-0.115333333
-0.114666667
-0.116333333
-0.116333333
-0.115666667
-0.112333333
-0.113333333
-0.115
-0.115666667
-0.114666667
-0.112666667
-0.110666667
-0.108
-0.108333333
-0.108333333
-0.11
-0.112666667
-0.116333333
-0.118333333
-0.118333333
-0.117333333
-0.117333333
-0.115666667
-0.110333333
-0.108333333
-0.108333333
-0.111666667
-0.11
-0.105
-0.101
-0.097333333
-0.093
-0.086333333
-0.085666667
-0.091
-0.098
-0.101333333
-0.102
-0.101333333
-0.099
-0.101333333
-0.103
-0.103333333
-0.101
-0.099333333
-0.099666667
-0.096333333
-0.094
-0.094666667
-0.097666667
-0.101333333
-0.100666667
-0.1
-0.098
-0.094
-0.091333333
-0.089666667
-0.093
-0.091333333
-0.086
-0.081333333
-0.078
-0.077666667
-0.076
-0.073666667
-0.071666667
-0.069
-0.066
-0.07
-0.075666667
-0.081666667
-0.082
-0.079333333
-0.079666667
-0.077666667
-0.076666667
-0.077
-0.078
-0.077
-0.072
-0.066
-0.064666667
-0.064666667
-0.065
-0.066333333
-0.066333333
-0.066666667
-0.062666667
-0.060333333
-0.062333333
-0.071666667
-0.083666667
-0.088666667
-0.088666667
-0.087
-0.091
-0.097333333
-0.105
-0.112333333
-0.115666667
-0.117333333
-0.117666667
-0.117
-0.118
-0.120333333
-0.124333333
-0.127666667
-0.130333333
-0.134333333
-0.136
-0.137
-0.135
-0.135666667
-0.136
-0.135
-0.134666667
-0.135
-0.139
-0.140333333
-0.140333333
-0.139333333
-0.139666667
-0.141333333
-0.142666667
-0.143666667
-0.142666667
-0.140666667
-0.138666667
-0.139333333
-0.14
-0.140666667
-0.141333333
-0.140666667
-0.139666667
-0.137666667
-0.138333333
-0.141
-0.143
-0.145333333
-0.144666667
-0.141
-0.137
-0.135
-0.137666667
-0.140666667
-0.141
-0.139333333
-0.138333333
-0.139666667
-0.137666667
-0.135666667
-0.135333333
-0.135666667
-0.139
-0.141
-0.144
-0.143
-0.139666667
-0.138
-0.136666667
-0.139
-0.139666667
-0.138333333
-0.138333333
-0.141333333
-0.145333333
-0.148
-0.154333333
-0.165666667
-0.181333333
-0.199333333
-0.219
-0.234666667
-0.244333333
-0.252333333
-0.256
-0.258333333
-0.258666667
-0.254
-0.242333333
-0.220333333
-0.196666667
-0.170333333
-0.138666667
-0.101
-0.052666667
0.004333333
0.071
0.14
0.209333333
0.279
0.346333333
0.418333333
0.501
0.593333333
0.687666667
0.779333333
0.869666667
0.958666667
1.043333333
1.12
1.177
1.208
1.218
1.220666667
1.218
1.197666667
1.156
1.1
1.046
0.993
0.934333333
0.860666667
0.767666667
0.662666667
0.557666667
0.462333333
0.377333333
0.295333333
0.215
0.141666667
0.084333333
0.048333333
0.028333333
0.012666667
-0.007666667
-0.033666667
-0.055666667
-0.068333333
-0.077333333
-0.087333333
-0.097
-0.106
-0.116
-0.127
-0.136666667
-0.143666667
-0.146666667
-0.143333333
-0.137
-0.133
-0.132333333
-0.129
-0.121
-0.115333333
-0.112
-0.111333333
-0.112
-0.113666667
-0.116333333
-0.113
-0.109
-0.107333333
-0.113333333
-0.122333333
-0.127333333
-0.13
-0.129333333
-0.131333333
-0.131333333
-0.128666667
-0.125666667
-0.121666667
-0.123666667
-0.126666667
-0.132333333
-0.140333333
-0.144
-0.145
-0.139333333
-0.134333333
-0.132666667
-0.132333333
-0.133
-0.131333333
-0.131333333
-0.132333333
-0.131333333
-0.13
-0.129666667
-0.131333333
-0.133
-0.130333333
-0.126333333
-0.124333333
-0.126333333
-0.132
-0.133
-0.137
-0.141666667
-0.142
-0.142333333
-0.138666667
-0.138666667
-0.136666667
-0.134666667
-0.134666667
-0.136333333
-0.140666667
-0.143333333
-0.142333333
-0.140333333
-0.139666667
-0.134666667
-0.129
-0.127
-0.13
-0.135
-0.135
-0.131
-0.125
-0.124666667
-0.131333333
-0.136666667
-0.137
-0.134333333
-0.131
-0.129
-0.125333333
-0.123666667
-0.123333333
-0.125
-0.127666667
-0.129333333
-0.128333333
-0.126
-0.125666667
-0.124666667
-0.122
-0.118
-0.118333333
-0.120666667
-0.122
-0.121
-0.120666667
-0.126666667
-0.129333333
-0.13
-0.125666667
-0.127666667
-0.132666667
-0.132
-0.128666667
-0.121
-0.119666667
-0.12
-0.121333333
-0.121333333
-0.12
-0.123333333
-0.126666667
-0.128
-0.126
-0.122666667
-0.121333333
-0.118333333
-0.115
-0.111333333
-0.110666667
-0.112666667
-0.114333333
-0.113666667
-0.109
-0.105333333
-0.103
-0.103
-0.102666667
-0.098666667
-0.096
-0.093
-0.090666667
-0.087
-0.084
-0.082333333
-0.079666667
-0.075
-0.071
-0.069
-0.067333333
-0.066666667
-0.065333333
-0.063666667
-0.062
-0.059666667
-0.056666667
-0.053
-0.049666667
-0.047666667
-0.045333333
-0.041666667
-0.034
-0.029666667
-0.029333333
-0.029
-0.025666667
-0.017666667
-0.014333333
-0.011666667
-0.007666667
-0.004666667
0
0.001333333
0.003333333
0.004
0.004
0.007666667
0.010333333
0.013666667
0.015
0.018666667
0.022333333
0.023333333
0.024666667
0.022333333
0.021
0.019666667
0.022333333
0.024
0.022333333
0.022
0.022666667
0.024333333
0.024666667
0.025
0.025333333
0.029
0.033333333
0.035666667
0.036333333
0.035666667
0.036333333
0.035333333
0.033666667
0.03
0.029333333
0.033666667
0.04
0.042333333
0.037666667
0.032
0.025
0.019
0.015
0.011666667
0.011
0.011666667
0.012
0.010333333
0.003333333
-0.004
-0.011
-0.017333333
-0.020666667
-0.023666667
-0.022333333
-0.023
-0.026
-0.031
-0.034333333
-0.033333333
-0.030666667
-0.029333333
-0.030666667
-0.035333333
-0.043
-0.046
-0.045666667
-0.042333333
-0.042333333
-0.044333333
-0.048333333
-0.053666667
-0.057333333
-0.06
-0.062666667
-0.066666667
-0.065
-0.065666667
-0.070666667
-0.076
-0.078
-0.075
-0.077666667
-0.080333333
-0.080333333
-0.08
-0.08
-0.084333333
-0.086333333
-0.087
-0.087
-0.088666667
-0.091333333
-0.092
-0.094
-0.092666667
-0.091
-0.089
-0.092333333
-0.1
-0.104
-0.105
-0.102666667
-0.102333333
-0.108
-0.115666667
-0.122666667
-0.122
-0.119
-0.120333333
-0.123
-0.127
-0.125333333
-0.124333333
-0.125666667
-0.126666667
-0.126
-0.121666667
-0.119666667
-0.120666667
-0.120333333
-0.120333333
-0.121333333
-0.123666667
-0.126666667
-0.126666667
-0.124333333
-0.119
-0.112666667
-0.114666667
-0.123
-0.131666667
-0.132666667
-0.130666667
-0.132
-0.133333333
-0.132666667
-0.132333333
-0.134333333
-0.134
-0.131666667
-0.128666667
-0.127333333
-0.125666667
-0.123666667
-0.124
-0.125
-0.126666667
-0.128666667
-0.130666667
-0.131
-0.127
-0.123333333
-0.124
-0.126333333
-0.130666667
-0.133333333
-0.133333333
-0.134333333
-0.137333333
-0.139333333
-0.132
-0.121
-0.116333333
-0.118666667
-0.121333333
-0.120333333
-0.116666667
-0.110666667
-0.107666667
-0.108666667
-0.112666667
-0.116
-0.114333333
-0.113
-0.111666667
-0.113333333
-0.115666667
-0.118
-0.123
-0.123
-0.121666667
-0.117
-0.112666667
-0.112666667
-0.114333333
-0.119666667
-0.120666667
-0.118333333
-0.113333333
-0.110333333
-0.108
-0.106333333
-0.104666667
-0.106666667
-0.112333333
-0.115666667
-0.115333333
-0.11
-0.107666667
-0.108
-0.111
-0.113333333
-0.112666667
-0.112333333
-0.111
-0.112
-0.111
-0.106666667
-0.104
-0.103333333
-0.106666667
-0.109333333
-0.112666667
-0.115
-0.112666667
-0.11
-0.110666667
-0.112666667
-0.112666667
-0.114333333
-0.116
-0.116
-0.111333333
-0.108333333
-0.11
-0.111333333
-0.111
-0.107333333
-0.109
-0.113333333
-0.113666667
-0.111666667
-0.108333333
-0.108666667
-0.107333333
-0.107666667
-0.109666667
-0.108333333
-0.106333333
-0.105333333
-0.106
-0.107333333
-0.108666667
-0.107666667
-0.105
-0.104666667
-0.107666667
-0.110666667
-0.11
-0.107666667
-0.104666667
-0.103333333
-0.103666667
-0.102333333
-0.103333333
-0.102333333
-0.102333333
-0.101333333
-0.103333333
-0.108
-0.109
-0.109
-0.105
-0.102333333
-0.100666667
-0.101
-0.100666667
-0.099
-0.098333333
-0.098666667
-0.097333333
-0.094
-0.090666667
-0.090666667
-0.091
-0.091333333
-0.092333333
-0.095
-0.098666667
-0.1
-0.104
-0.108
-0.109666667
-0.106666667
-0.102666667
-0.102
-0.103333333
-0.100666667
-0.096
-0.095333333
-0.098333333
-0.1
-0.094
-0.088333333
-0.09
-0.093
-0.093666667
-0.093
-0.093
-0.093666667
-0.092666667
-0.093333333
-0.096666667
-0.098333333
-0.099666667
-0.097666667
-0.095333333
-0.094
-0.094333333
-0.096
-0.095333333
-0.095333333
-0.096
-0.099333333
-0.101333333
-0.099
-0.095
-0.094666667
-0.099666667
-0.104333333
-0.109
-0.112
-0.116
-0.117333333
-0.116333333
-0.116
-0.116
-0.117
-0.115
-0.113666667
-0.115666667
-0.121
-0.125333333
-0.126333333
-0.126333333
-0.125
-0.122
-0.118
-0.112333333
-0.106
-0.101666667
-0.103333333
-0.108
-0.105333333
-0.096666667
-0.090666667
-0.092
-0.098333333
-0.102333333
-0.100333333
-0.094333333
-0.088
-0.086333333
-0.089
-0.088666667
-0.087333333
-0.084333333
-0.083333333
-0.081333333
-0.077333333
-0.075333333
-0.071
-0.069
-0.066666667
-0.072
-0.084
-0.091
-0.091
-0.080666667
-0.072
-0.068
-0.068666667
-0.069666667
-0.065333333
-0.058333333
-0.052666667
-0.050666667
-0.051
-0.057333333
-0.067333333
-0.074666667
-0.073333333
-0.067333333
-0.064333333
-0.062666667
-0.061333333
-0.059
-0.057666667
-0.055666667
-0.050666667
-0.047333333
-0.045666667
-0.046
-0.046
-0.043333333
-0.039666667
-0.036333333
-0.036333333
-0.041666667
-0.049666667
-0.054666667
-0.054333333
-0.051333333
-0.050666667
-0.056333333
-0.061666667
-0.065666667
-0.067
-0.069333333
-0.074666667
-0.079
-0.085
-0.088333333
-0.089333333
-0.089
-0.093
-0.101666667
-0.109333333
-0.114333333
-0.116666667
-0.119
-0.119333333
-0.117666667
-0.117
-0.117666667
-0.122
-0.128333333
-0.132666667
-0.133
-0.129333333
-0.128
-0.128333333
-0.127
-0.129
-0.130333333
-0.131
-0.129
-0.128333333
-0.13
-0.130333333
-0.128
-0.127
-0.126333333
-0.125
-0.122
-0.119333333
-0.121333333
-0.123666667
-0.127333333
-0.128333333
-0.126666667
-0.123333333
-0.122
-0.125333333
-0.129
-0.128
-0.123333333
-0.120666667
-0.123333333
-0.127666667
-0.127
-0.123666667
-0.121333333
-0.122333333
-0.125666667
-0.131666667
-0.137333333
-0.138333333
-0.135666667
-0.130666667
-0.124666667
-0.117666667
-0.117
-0.123666667
-0.130666667
-0.134666667
-0.137333333
-0.142333333
-0.148666667
-0.158666667
-0.172333333
-0.188333333
-0.201666667
-0.211666667
-0.220333333
-0.226333333
-0.233333333
-0.241333333
-0.246666667
-0.245333333
-0.234
-0.212666667
-0.181333333
-0.147333333
-0.117333333
-0.086
-0.044
0.013333333
0.081
0.154
0.231
0.306333333
0.379666667
0.453333333
0.534
0.623
0.719333333
0.819666667
0.915333333
1.003333333
1.088333333
1.173
1.240333333
1.279333333
1.296
1.302
1.300333333
1.281
1.239333333
1.181333333
1.120666667
1.064
1.005
0.928666667
0.834333333
0.730666667
0.629333333
0.533333333
0.440666667
0.352
0.266
0.185666667
0.119666667
0.075
0.049666667
0.029