-1.054333333
-1.055333333
-1.057666667
-1.058333333
-1.057
-1.054666667
-1.052666667
-1.052333333
-1.053
-1.054666667
-1.057
-1.058333333
-1.057333333
-1.055666667
-1.055333333
-1.055666667
-1.055333333
-1.054333333
-1.054666667
-1.057666667
-1.061333333
-1.063666667
-1.063666667
-1.062666667
-1.062666667
-1.062333333
-1.061
-1.06
-1.060333333
-1.061666667
-1.061333333
-1.060333333
-1.059666667
-1.059333333
-1.058
-1.056666667
-1.056666667
-1.057666667
-1.058333333
-1.057333333
-1.055666667
-1.054666667
-1.055
-1.057
-1.059333333
-1.061
-1.062
-1.062
-1.062
-1.061666667
-1.062333333
-1.063666667
-1.065333333
-1.065666667
-1.065666667
-1.065666667
-1.066333333
-1.067
-1.066666667
-1.067
-1.067333333
-1.068
-1.069
-1.07
-1.071666667
-1.072
-1.071333333
-1.068666667
-1.067
-1.066333333
-1.067
-1.065666667
-1.065666667
-1.066666667
-1.067333333
-1.066666667
-1.065
-1.066
-1.067333333
-1.068333333
-1.066666667
-1.065
-1.064666667
-1.064666667
-1.065
-1.065
-1.066333333
-1.067
-1.067
-1.066666667
-1.066666667
-1.068666667
-1.072333333
-1.075
-1.076333333
-1.074666667
-1.072666667
-1.068666667
-1.064333333
-1.062666667
-1.064
-1.067333333
-1.068333333
-1.068333333
-1.068333333
-1.069666667
-1.070333333
-1.069666667
-1.068333333
-1.066333333
-1.066333333
-1.067
-1.065333333
-1.063666667
-1.062333333
-1.062333333
-1.062
-1.061333333
-1.064
-1.068
-1.07
-1.068666667
-1.065333333
-1.063333333
-1.063
-1.063333333
-1.063666667
-1.064666667
-1.065666667
-1.066
-1.063666667
-1.060333333
-1.06
-1.062
-1.065
-1.066
-1.066333333
-1.066666667
-1.067333333
-1.068
-1.068
-1.067333333
-1.067666667
-1.069
-1.068333333
-1.067333333
-1.066666667
-1.066666667
-1.065333333
-1.062
-1.06
-1.059333333
-1.059333333
-1.059666667
-1.059666667
-1.06
-1.060666667
-1.062
-1.062666667
-1.063
-1.064
-1.065666667
-1.065666667
-1.063666667
-1.061333333
-1.060333333
-1.06
-1.058333333
-1.056666667
-1.055666667
-1.058
-1.060333333
-1.062
-1.062333333
-1.061333333
-1.060333333
-1.059
-1.058666667
-1.059666667
-1.061
-1.062333333
-1.061333333
-1.059666667
-1.058333333
-1.058
-1.058666667
-1.059333333
-1.059
-1.058666667
-1.059333333
-1.061666667
-1.063
-1.063
-1.061333333
-1.060333333
-1.060666667
-1.062
-1.064333333
-1.065
-1.066333333
-1.066666667
-1.065666667
-1.064333333
-1.064
-1.066333333
-1.069
-1.069333333
-1.068333333
-1.066666667
-1.065333333
-1.065333333
-1.065666667
-1.066666667
-1.066333333
-1.065666667
-1.066333333
-1.068
-1.069
-1.068333333
-1.067333333
-1.067
-1.067
-1.066
-1.064666667
-1.064
-1.064333333
-1.065666667
-1.067
-1.068333333
-1.069333333
-1.069333333
-1.069333333
-1.067666667
-1.066666667
-1.066
-1.064666667
-1.062666667
-1.061
-1.062333333
-1.066
-1.068333333
-1.069
-1.066666667
-1.063
-1.060666667
-1.059666667
-1.06
-1.06
-1.06
-1.059666667
-1.058333333
-1.056666667
-1.056666667
-1.057666667
-1.057666667
-1.055666667
-1.054666667
-1.054333333
-1.054333333
-1.051333333
-1.047
-1.041
-1.034
-1.03
-1.030666667
-1.034
-1.034666667
-1.032666667
-1.031333333
-1.031333333
-1.031333333
-1.03
-1.026666667
-1.022666667
-1.02
-1.019
-1.019
-1.018333333
-1.017666667
-1.017666667
-1.016333333
-1.014
-1.010666667
-1.007333333
-1.005666667
-1.003666667
-1.002333333
-1
-0.997666667
-0.995333333
-0.992
-0.988666667
-0.984666667
-0.98
-0.975333333
-0.972
-0.97
-0.968
-0.965333333
-0.965
-0.965666667
-0.967333333
-0.969
-0.972333333
-0.976666667
-0.979666667
-0.981333333
-0.981333333
-0.98
-0.978
-0.976666667
-0.975666667
-0.974
-0.973666667
-0.975333333
-0.978333333
-0.979333333
-0.978666667
-0.977333333
-0.976
-0.976
-0.975666667
-0.975
-0.974
-0.974
-0.974333333
-0.975333333
-0.977666667
-0.981333333
-0.985666667
-0.988666667
-0.991
-0.992333333
-0.994666667
-0.998
-0.999333333
-0.998
-0.995333333
-0.994666667
-0.995666667
-0.997666667
-0.998666667
-0.999
-0.999
-0.998666667
-1.000666667
-1.004666667
-1.010666667
-1.017
-1.023
-1.029
-1.034
-1.038
-1.042
-1.044666667
-1.046666667
-1.048666667
-1.050333333
-1.051666667
-1.053
-1.056
-1.058333333
-1.057
-1.055
-1.054
-1.055333333
-1.059
-1.062
-1.063666667
-1.062666667
-1.060333333
-1.058666667
-1.056666667
-1.055666667
-1.055666667
-1.056333333
-1.056666667
-1.056666667
-1.057
-1.057666667
-1.057666667
-1.056666667
-1.056666667
-1.057333333
-1.057
-1.055666667
-1.055666667
-1.056666667
-1.058
-1.057666667
-1.057
-1.057666667
-1.058666667
-1.06
-1.060333333
-1.06
-1.060666667
-1.062
-1.063333333
-1.062666667
-1.061
-1.060666667
-1.060666667
-1.060666667
-1.06
-1.060333333
-1.061333333
-1.062333333
-1.063
-1.062666667
-1.063
-1.063666667
-1.063333333
-1.062666667
-1.062
-1.060333333
-1.057
-1.053
-1.051666667
-1.053
-1.054666667
-1.056333333
-1.056
-1.055333333
-1.054666667
-1.055
-1.055
-1.054333333
-1.054333333
-1.055
-1.056666667
-1.057666667
-1.057666667
-1.056333333
-1.056
-1.055333333
-1.055333333
-1.054
-1.055333333
-1.058
-1.060333333
-1.061333333
-1.060666667
-1.063666667
-1.070333333
-1.083333333
-1.102333333
-1.125666667
-1.146333333
-1.159333333
-1.167
-1.169666667
-1.168
-1.159
-1.144333333
-1.124333333
-1.101
-1.073
-1.036666667
-0.987
-0.924666667
-0.853
-0.771333333
-0.679
-0.579666667
-0.478666667
-0.383333333
-0.295666667
-0.214333333
-0.140666667
-0.071666667
-0.015333333
0.032
0.076333333
0.124666667
0.176
0.218
0.239333333
0.228333333
0.193
0.145666667
0.098
0.052
-0.003333333
-0.075333333
-0.162
-0.257333333
-0.361666667
-0.477
-0.598666667
-0.709666667
-0.802
-0.878666667
-0.945333333
-1.002
-1.038
-1.053333333
-1.059
-1.063333333
-1.068333333
-1.069
-1.067
-1.064
-1.064333333
-1.067
-1.068
-1.065666667
-1.060666667
-1.055666667
-1.053333333
-1.051
-1.047666667
-1.041333333
-1.034
-1.027333333
-1.022666667
-1.019333333
-1.016666667
-1.014333333
-1.012333333
-1.011
-1.008666667
-1.005666667
-1.003666667
-1.003
-1.004666667
-1.007333333
-1.010333333
-1.012333333
-1.013
-1.013333333
-1.014666667
-1.017333333
-1.019333333
-1.021
-1.022333333
-1.025
-1.028
-1.029
-1.029666667
-1.028333333
-1.026666667
-1.024
-1.02
-1.015666667
-1.014
-1.017333333
-1.021
-1.020666667
-1.018
-1.016666667
-1.016666667
-1.018
-1.019666667
-1.019666667
-1.019
-1.017333333
-1.017666667
-1.017
-1.016666667
-1.017666667
-1.017666667
-1.017666667
-1.017
-1.016333333
-1.014
-1.011333333
-1.009333333
-1.009
-1.007666667
-1.005666667
-1.004666667
-1.006
-1.009
-1.010333333
-1.010333333
-1.008666667
-1.007
-1.005
-1.004
-1.004333333
-1.002333333
-1.002
-1.004666667
-1.01
-1.012666667
-1.010666667
-1.007333333
-1.004666667
-1.002666667
-1.002333333
-1.002
-1.002333333
-1.002666667
-1.002
-1.001
-0.999333333
-0.999
-0.998666667
-0.999666667
-1.000333333
-0.998666667
-0.995
-0.991333333
-0.989
-0.986333333
-0.985333333
-0.986666667
-0.989
-0.988333333
-0.986333333
-0.986333333
-0.988
-0.989666667
-0.989
-0.987666667
-0.985333333
-0.983
-0.982
-0.981
-0.978666667
-0.975666667
-0.974333333
-0.975
-0.976333333
-0.975666667
-0.974
-0.970666667
-0.968333333
-0.969666667
-0.972
-0.972
-0.969666667
-0.968
-0.966666667
-0.964666667
-0.961333333
-0.958666667
-0.955666667
-0.953333333
-0.952666667
-0.951333333
-0.950333333
-0.948666667
-0.946333333
-0.944333333
-0.944666667
-0.948
-0.95
-0.949666667
-0.947
-0.944333333
-0.942
-0.941333333
-0.940333333
-0.937666667
-0.934666667
-0.931
-0.928
-0.926
-0.926
-0.928
-0.929333333
-0.929666667
-0.927
-0.921666667
-0.918
-0.915333333
-0.914
-0.912666667
-0.910666667
-0.907333333
-0.903666667
-0.903
-0.903
-0.903333333
-0.901
-0.897666667
-0.895333333
-0.893666667
-0.893333333
-0.889666667
-0.886
-0.884
-0.882666667
-0.880333333
-0.876
-0.873
-0.871
-0.868333333
-0.864
-0.859666667
-0.856
-0.853
-0.85
-0.847333333
-0.843666667
-0.840333333
-0.838
-0.836333333
-0.835
-0.832
-0.828666667
-0.823666667
-0.817666667
-0.811666667
-0.806
-0.801333333
-0.796666667
-0.791666667
-0.788333333
-0.788
-0.786333333
-0.782333333
-0.776
-0.770333333
-0.765666667
-0.759
-0.754333333
-0.752333333
-0.752
-0.750666667
-0.746333333
-0.742333333
-0.739
-0.737
-0.733333333
-0.727666667
-0.722
-0.718666667
-0.717
-0.712666667
-0.707666667
-0.702333333
-0.699666667
-0.696666667
-0.692
-0.688
-0.685333333
-0.683666667
-0.679666667
-0.674
-0.668666667
-0.663333333
-0.659
-0.656
-0.654
-0.654666667
-0.656666667
-0.656333333
-0.651
-0.643666667
-0.639333333
-0.638
-0.638666667
-0.639666667
-0.638666667
-0.634666667
-0.631333333
-0.628666667
-0.627333333
-0.628
-0.63
-0.632666667
-0.633
-0.632
-0.633
-0.633333333
-0.633
-0.630666667
-0.63
-0.632
-0.633
-0.634333333
-0.635
-0.637
-0.639666667
-0.644666667
-0.650666667
-0.653
-0.655
-0.658666667
-0.665333333
-0.672
-0.676333333
-0.679
-0.683
-0.690333333
-0.701
-0.709333333
-0.714666667
-0.719
-0.723
-0.729666667
-0.736
-0.743666667
-0.750333333
-0.757333333
-0.765333333
-0.772333333
-0.779
-0.785
-0.792666667
-0.802
-0.811333333
-0.818333333
-0.823333333
-0.827
-0.833333333
-0.841333333
-0.849666667
-0.855333333
-0.861
-0.867333333
-0.874333333
-0.879666667
-0.883333333
-0.889333333
-0.895333333
-0.898
-0.899666667
-0.902666667
-0.907666667
-0.910333333
-0.912666667
-0.918
-0.925
-0.933
-0.939
-0.943333333
-0.944333333
-0.947333333
-0.951333333
-0.954333333
-0.956333333
-0.959
-0.963333333
-0.966
-0.965666667
-0.967
-0.969666667
-0.972333333
-0.975333333
-0.979
-0.982666667
-0.983333333
-0.982
-0.981333333
-0.981333333
-0.982333333
-0.985
-0.989
-0.991
-0.990666667
-0.989333333
-0.989
-0.99
-0.991666667
-0.994333333
-0.996333333
-0.996333333
-0.999
-1.001666667
-1.002333333
-1.002
-1.002333333
-1.004333333
-1.004333333
-1.005
-1.005333333
-1.004666667
-1.004
-1.003333333
-1.002666667
-1.001333333
-1.002666667
-1.004
-1.004
-1.003333333
-1.005333333
-1.008666667
-1.010666667
-1.009666667
-1.007
-1.003666667
-1.001333333
-1.001333333
-1.002666667
-1.005333333
-1.006333333
-1.006
-1.005666667
-1.004333333
-1.004666667
-1.003666667
-1.003666667
-1.003
-1.002333333
-1.004
-1.002333333
-1.001666667
-0.999
-0.998333333
-0.997
-0.994666667
-0.996
-1.000333333
-1.006666667
-1.009
-1.005666667
-1.000333333
-0.998333333
-0.998666667
-1
-0.999333333
-0.999333333
-0.998
-0.995666667
-0.995
-0.995666667
-0.998666667
-1
-1.001666667
-1.003
-1.003
-1.003333333
-1.000666667
-0.996666667
-0.995333333
-0.994333333
-0.995
-0.992333333
-0.990333333
-0.991666667
-0.994333333
-0.999333333
-1.001
-1.001
-1.000333333
-1.001333333
-1.004
-1.004333333
-1.002666667
-0.999
-0.997333333
-0.997333333
-0.996333333
-0.995333333
-0.995
-0.996333333
-0.994666667
-0.989
-0.986
-0.989333333
-0.994
-0.996333333
-0.996666667
-0.996666667
-0.996333333
-0.998
-0.999
-0.997666667
-0.995
-0.994666667
-0.997
-0.997
-0.997666667
-0.997
-0.996
-0.996666667
-0.996666667
-0.995666667
-0.991
-0.990333333
-0.993
-0.995333333
-0.997
-0.997666667
-1.001
-1.004666667
-1.008666667
-1.01
-1.007333333
-1.004666667
-1.001666667
-1.002
-1.001666667
-1.000333333
-0.996666667
-0.994
-0.995333333
-0.997666667
-0.999333333
-1.001666667
-1.003333333
-1.003333333
-1.002666667
-1.003333333
-1.003666667
-1.001333333
-0.999666667
-1.002
-1.004666667
-1.005666667
-1.004333333
-1.003333333
-1.002
-1.001666667
-1.003
-1.004
-1.006
-1.006
-1.005
-1.002
-0.999333333
-0.998333333
-0.998333333
-0.999666667
-1.001333333
-1.002666667
-1.002666667
-1.005
-1.007
-1.009
-1.011
-1.011
-1.011
-1.008
-1.003666667
-1.000666667
-1.000666667
-1.003
-1.003666667
-1.006
-1.011
-1.013666667
-1.012
-1.009666667
-1.011333333
-1.013333333
-1.014
-1.014
-1.014
-1.016
-1.018
-1.021666667
-1.021666667
-1.020333333
-1.019333333
-1.019666667
-1.022666667
-1.023333333
-1.024333333
-1.024666667
-1.024666667
-1.022
-1.017666667
-1.016
-1.016
-1.016333333
-1.014666667
-1.013
-1.011
-1.009333333
-1.009666667
-1.012
-1.014
-1.016
-1.015
-1.012666667
-1.011666667
-1.013
-1.015
-1.015333333
-1.015333333
-1.014
-1.013333333
-1.013333333
-1.013
-1.011
-1.008333333
-1.01
-1.012333333
-1.014333333
-1.015666667
-1.014666667
-1.014
-1.013333333
-1.013333333
-1.015
-1.017333333
-1.021333333
-1.025
-1.026333333
-1.026
-1.023
-1.019666667
-1.018666667
-1.018333333
-1.02
-1.021
-1.022
-1.021333333
-1.022333333
-1.023333333
-1.023333333
-1.022
-1.022666667
-1.022666667
-1.021333333
-1.020333333
-1.019666667
-1.018333333
-1.016
-1.015666667
-1.015
-1.017
-1.019666667
-1.021666667
-1.019
-1.016
-1.018666667
-1.020333333
-1.018333333
-1.013666667
-1.013333333
-1.015
-1.016333333
-1.017
-1.019333333
-1.021666667
-1.022333333
-1.020666667
-1.021
-1.023666667
-1.027
-1.031
-1.029666667
-1.029333333
-1.028
-1.028333333
-1.030333333
-1.030333333
-1.033
-1.033
-1.033
-1.032666667
-1.031333333
-1.031666667
-1.031
-1.031666667
-1.030333333
-1.027
-1.024
-1.021333333
-1.023333333
-1.027666667
-1.030666667
-1.029333333
-1.025333333
-1.023666667
-1.023
-1.023666667
-1.026
-1.027666667
-1.026333333
-1.023333333
-1.022
-1.024666667
-1.026333333
-1.024666667
-1.020666667
-1.016666667
-1.015666667
-1.017333333
-1.019333333
-1.021666667
-1.023
-1.023666667
-1.023666667
-1.023333333
-1.024666667
-1.025666667
-1.024
-1.021333333
-1.022333333
-1.025333333
-1.028333333
-1.025333333
-1.021333333
-1.019666667
-1.020666667
-1.023333333
-1.025333333
-1.026666667
-1.025666667
-1.025
-1.024333333
-1.026333333
-1.025666667
-1.026333333
-1.028666667
-1.027
-1.027
-1.025666667
-1.028666667
-1.033
-1.034333333
-1.035
-1.033333333
-1.033666667
-1.036666667
-1.038333333
-1.036
-1.032333333
-1.03
-1.030666667
-1.034
-1.036
-1.038666667
-1.039666667
-1.040333333
-1.04
-1.037333333
-1.033333333
-1.031666667
-1.032
-1.034
-1.038
-1.039333333
-1.041
-1.040333333
-1.038
-1.040333333
-1.042333333
-1.046
-1.043333333
-1.042
-1.043333333
-1.044666667
-1.044666667
-1.045333333
-1.046666667
-1.045
-1.042333333
-1.041
-1.041333333
-1.041
-1.038666667
-1.036
-1.036666667
-1.042
-1.044333333
-1.039333333
-1.035
-1.034666667
-1.036
-1.034666667
-1.034666667
-1.036666667
-1.037333333
-1.039333333
-1.042
-1.044666667
-1.044
-1.042666667
-1.041666667
-1.039333333
-1.038666667
-1.039666667
-1.040333333
-1.041
-1.039666667
-1.041333333
-1.043333333
-1.040666667
-1.038
-1.034
-1.037
-1.042333333
-1.045
-1.045666667
-1.045
-1.047333333
-1.047666667
-1.047333333
-1.044
-1.043
-1.044
-1.046
-1.047
-1.041666667
-1.034666667
-1.028666667
-1.026666667
-1.028333333
-1.031666667
-1.035666667
-1.039333333
-1.043333333
-1.043333333
-1.041666667
-1.042666667