-0.24
-0.2364
-0.233
-0.2316
-0.2302
-0.2286
-0.2276
-0.228
-0.2276
-0.2282
-0.2322
-0.2354
-0.2348
-0.2338
-0.2318
-0.2286
-0.2278
-0.2282
-0.228
-0.2248
-0.2218
-0.22
-0.2188
-0.2168
-0.2146
-0.2114
-0.206
-0.2038
-0.2082
-0.2186
-0.2268
-0.2328
-0.2378
-0.2412
-0.2402
-0.2388
-0.2394
-0.2366
-0.2284
-0.2218
-0.2212
-0.2202
-0.2188
-0.2162
-0.2146
-0.2146
-0.2134
-0.2138
-0.2166
-0.2198
-0.2206
-0.2224
-0.2232
-0.2244
-0.2254
-0.2244
-0.2246
-0.2272
-0.23
-0.2294
-0.2266
-0.224
-0.2198
-0.2152
-0.214
-0.2136
-0.211
-0.209
-0.2074
-0.21
-0.2144
-0.2172
-0.2214
-0.2256
-0.222
-0.217
-0.2164
-0.2142
-0.2108
-0.2098
-0.2102
-0.2104
-0.2104
-0.2096
-0.2066
-0.2
-0.1972
-0.193
-0.1846
-0.1846
-0.1892
-0.188
-0.1876
-0.194
-0.1978
-0.1962
-0.1906
-0.1854
-0.1802
-0.1702
-0.1632
-0.163
-0.1608
-0.1564
-0.1544
-0.1522
-0.1472
-0.1454
-0.1452
-0.147
-0.149
-0.1486
-0.1474
-0.1458
-0.1444
-0.1402
-0.1358
-0.1334
-0.131
-0.128
-0.125
-0.1198
-0.1126
-0.1054
-0.0962
-0.0876
-0.085
-0.0854
-0.087
-0.0882
-0.0916
-0.0964
-0.0968
-0.0958
-0.0924
-0.0886
-0.084
-0.079
-0.075
-0.0704
-0.0658
-0.0602
-0.0566
-0.0516
-0.0474
-0.0438
-0.0364
-0.0304
-0.0268
-0.0266
-0.0248
-0.0242
-0.0238
-0.0222
-0.0258
-0.0338
-0.0396
-0.0376
-0.0402
-0.0394
-0.0324
-0.0318
-0.0376
-0.0348
-0.0244
-0.0162
-0.0078
-0.004
-0.0048
-0.0076
-0.0092
-0.0128
-0.0138
-0.0132
-0.0172
-0.0246
-0.03
-0.0292
-0.0272
-0.0228
-0.016
-0.0086
-0.0076
-0.009
-0.0104
-0.0144
-0.0182
-0.0212
-0.022
-0.0246
-0.0288
-0.0336
-0.0372
-0.0412
-0.0426
-0.0396
-0.0374
-0.0356
-0.0342
-0.0346
-0.0384
-0.0412
-0.0418
-0.04
-0.0378
-0.0346
-0.0314
-0.0362
-0.0418
-0.0468
-0.053
-0.056
-0.0562
-0.0616
-0.0668
-0.0698
-0.0768
-0.079
-0.0776
-0.077
-0.0768
-0.0762
-0.0778
-0.0796
-0.0808
-0.085
-0.085
-0.084
-0.0858
-0.0882
-0.0864
-0.0854
-0.0892
-0.0906
-0.0896
-0.0926
-0.0988
-0.1012
-0.1046
-0.1088
-0.109
-0.1076
-0.108
-0.1064
-0.1014
-0.0978
-0.0984
-0.1024
-0.1048
-0.1086
-0.1142
-0.1178
-0.1206
-0.1288
-0.1352
-0.1392
-0.1436
-0.1432
-0.141
-0.1416
-0.1412
-0.138
-0.1354
-0.1294
-0.1248
-0.1226
-0.1222
-0.1266
-0.1348
-0.142
-0.1474
-0.1524
-0.1538
-0.1558
-0.1582
-0.1624
-0.164
-0.159
-0.153
-0.1486
-0.1454
-0.1454
-0.1504
-0.1502
-0.1468
-0.146
-0.1438
-0.1422
-0.1468
-0.1558
-0.1608
-0.1646
-0.1708
-0.1758
-0.176
-0.1768
-0.1782
-0.1752
-0.172
-0.1718
-0.17
-0.1676
-0.1662
-0.1654
-0.1694
-0.1728
-0.1732
-0.1764
-0.1828
-0.184
-0.1844
-0.1896
-0.191
-0.1872
-0.1846
-0.188
-0.1892
-0.1868
-0.1886
-0.19
-0.1834
-0.1774
-0.1766
-0.1724
-0.1698
-0.1702
-0.1722
-0.1786
-0.1856
-0.1866
-0.1852
-0.1866
-0.1808
-0.174
-0.1774
-0.1832
-0.1842
-0.1864
-0.188
-0.1828
-0.1786
-0.1766
-0.1754
-0.1748
-0.1758
-0.176
-0.1764
-0.1788
-0.181
-0.184
-0.188
-0.1914
-0.1938
-0.1952
-0.1954
-0.1958
-0.1952
-0.1952
-0.1956
-0.1926
-0.1896
-0.1874
-0.1838
-0.181
-0.1812
-0.1812
-0.1806
-0.1818
-0.1838
-0.186
-0.1904
-0.1946
-0.1966
-0.1986
-0.1998
-0.2048
-0.211
-0.2172
-0.2204
-0.2174
-0.21
-0.201
-0.1918
-0.1832
-0.1834
-0.1836
-0.1828
-0.1854
-0.1894
-0.192
-0.1922
-0.1944
-0.1958
-0.1986
-0.198
-0.1986
-0.2014
-0.1984
-0.1938
-0.1984
-0.206
-0.1998
-0.1924
-0.1914
-0.1848
-0.1756
-0.1776
-0.184
-0.1852
-0.1864
-0.1878
-0.1896
-0.191
-0.1916
-0.1912
-0.1908
-0.188
-0.1846
-0.1852
-0.1856
-0.1816
-0.1804
-0.1834
-0.1826
-0.1832
-0.1858
-0.1854
-0.183
-0.1808
-0.1766
-0.1746
-0.1764
-0.1798
-0.1848
-0.1876
-0.1914
-0.1954
-0.1918
-0.1864
-0.1866
-0.1842
-0.1808
-0.1806
-0.1782
-0.1758
-0.1754
-0.1734
-0.1734
-0.1766
-0.1742
-0.1748
-0.179
-0.181
-0.1856
-0.1894
-0.1894
-0.1884
-0.188
-0.1852
-0.1856
-0.1824
-0.1754
-0.17
-0.1646
-0.1616
-0.163
-0.1674
-0.1712
-0.1762
-0.1806
-0.1782
-0.172
-0.1678
-0.1622
-0.1538
-0.151
-0.1514
-0.1486
-0.1456
-0.1412
-0.1386
-0.1368
-0.1326
-0.1268
-0.125
-0.1202
-0.1134
-0.1136
-0.1092
-0.1052
-0.103
-0.0998
-0.099
-0.1018
-0.1024
-0.1082
-0.117
-0.1192
-0.1236
-0.1286
-0.1282
-0.1276
-0.13
-0.1306
-0.1312
-0.1308
-0.1322
-0.1372
-0.1424
-0.145
-0.1428
-0.1356
-0.1252
-0.117
-0.11
-0.1092
-0.1112
-0.1104
-0.1108
-0.113
-0.1144
-0.118
-0.1246
-0.13
-0.1358
-0.1388
-0.1404
-0.1434
-0.147
-0.1516
-0.16
-0.1682
-0.173
-0.177
-0.179
-0.1804
-0.1812
-0.1824
-0.1822
-0.1822
-0.182
-0.181
-0.1804
-0.1816
-0.1826
-0.1844
-0.1918
-0.1974
-0.1976
-0.1994
-0.2032
-0.2026
-0.2042
-0.2084
-0.2126
-0.219
-0.222
-0.2236
-0.2252
-0.2234
-0.2138
-0.2064
-0.203
-0.1986
-0.1962
-0.1952
-0.1918
-0.1876
-0.189
-0.193
-0.1994
-0.2098
-0.2162
-0.2168
-0.2136
-0.2104
-0.2084
-0.2078
-0.209
-0.2088
-0.2086
-0.2096
-0.208
-0.2056
-0.2062
-0.205
-0.2016
-0.1998
-0.1998
-0.2016
-0.2036
-0.2048
-0.2084
-0.2118
-0.2134
-0.2178
-0.2228
-0.2282
-0.2368
-0.2464
-0.2554
-0.2652
-0.2746
-0.2832
-0.2938
-0.3036
-0.3136
-0.324
-0.335
-0.345
-0.353
-0.359
-0.3606
-0.3564
-0.3448
-0.3314
-0.3136
-0.2912
-0.266
-0.2376
-0.2048
-0.1678
-0.1296
-0.091
-0.0528
-0.012
0.027
0.0674
0.114
0.1578
0.1976
0.2366
0.269
0.291
0.3058
0.3154
0.3226
0.3284
0.3322
0.338
0.3392
0.3278
0.3046
0.2718
0.2318
0.1902
0.1584
0.1384
0.126
0.1192
0.118
0.112
0.097
0.0896
0.0842
0.0714
0.0632
0.0612
0.0462
0.0298
0.0202
0.001
-0.0162
-0.029
-0.0436
-0.0576
-0.0656
-0.0794
-0.0996
-0.1234
-0.156
-0.1902
-0.225
-0.2534
-0.2776
-0.2998
-0.3212
-0.3432
-0.3684
-0.3926
-0.4122
-0.4304
-0.4458
-0.461
-0.477
-0.4946
-0.5106
-0.5232
-0.5348
-0.5484
-0.5612
-0.5746
-0.5906
-0.6034
-0.611
-0.6134
-0.615
-0.616
-0.6132
-0.608
-0.6008
-0.5906
-0.5756
-0.5592
-0.5412
-0.5228
-0.5048
-0.4828
-0.4608
-0.4446
-0.4318
-0.416
-0.399
-0.3826
-0.3672
-0.3514
-0.3348
-0.3266
-0.3202
-0.3048
-0.2894
-0.2794
-0.2634
-0.2492
-0.2444
-0.2346
-0.2266
-0.2278
-0.2242
-0.22
-0.2234
-0.2262
-0.2274
-0.228
-0.225
-0.2244
-0.221
-0.2104
-0.2088
-0.2146
-0.213
-0.21
-0.2122
-0.2094
-0.2008
-0.1962
-0.1978
-0.2012
-0.2028
-0.2042
-0.2066
-0.207
-0.2088
-0.2108
-0.209
-0.211
-0.2144
-0.2138
-0.2172
-0.2238
-0.221
-0.2124
-0.2064
-0.2002
-0.1952
-0.1936
-0.1978
-0.2002
-0.1994
-0.201
-0.2048
-0.2062
-0.208
-0.2106
-0.2136
-0.216
-0.2124
-0.2098
-0.2088
-0.2042
-0.2004
-0.2022
-0.2006
-0.1972
-0.198
-0.1956
-0.1946
-0.1968
-0.1978
-0.1988
-0.2014
-0.203
-0.2034
-0.205
-0.2032
-0.2016
-0.1998
-0.1964
-0.1936
-0.19
-0.1886
-0.1902
-0.1938
-0.1986
-0.2056
-0.2128
-0.2134
-0.2088
-0.1996
-0.1922
-0.1864
-0.181
-0.1814
-0.1872
-0.1914
-0.1908
-0.1928
-0.1958
-0.1976
-0.191
-0.1828
-0.1788
-0.1706
-0.1622
-0.1632
-0.1672
-0.1666
-0.1674
-0.1648
-0.1606
-0.159
-0.1608
-0.165
-0.171
-0.1764
-0.177
-0.1738
-0.1664
-0.1606
-0.1564
-0.1504
-0.1446
-0.1408
-0.1382
-0.1366
-0.1362
-0.1362
-0.1366
-0.1348
-0.1298
-0.1258
-0.1226
-0.1188
-0.1142
-0.1102
-0.1072
-0.103
-0.0984
-0.0946
-0.0874
-0.0792
-0.0782
-0.0776
-0.0754
-0.076
-0.076
-0.0714
-0.0664
-0.0634
-0.0602
-0.0596
-0.0578
-0.0562
-0.0572
-0.0576
-0.056
-0.0524
-0.0502
-0.0416
-0.0252
-0.0118
-0.0076
-0.0068
-0.01
-0.0176
-0.018
-0.0128
-0.0044
0.003
0.0048
0.001
-0.0014
-0.002
-0.001
0.0014
0.0036
0.0096
0.0152
0.0224
0.0288
0.0328
0.0314
0.0272
0.024
0.0218
0.0232
0.0268
0.0332
0.035
0.0312
0.0252
0.02
0.0136
0.011
0.0206
0.03
0.0366
0.0492
0.059
0.0592
0.058
0.0544
0.046
0.0402
0.0364
0.034
0.0374
0.0406
0.0396
0.0376
0.0318
0.0228
0.0168
0.0138
0.0128
0.0186
0.0258
0.0278
0.0286
0.028
0.0252
0.0224
0.0208
0.0196
0.0204
0.02
0.0116
0.0056
0.0034
-0.004
-0.0108
-0.0122
-0.0164
-0.0236
-0.0274
-0.0308
-0.0312
-0.0312
-0.0324
-0.033
-0.033
-0.0334
-0.0332
-0.036
-0.0396
-0.041
-0.0448
-0.05
-0.0512
-0.0528
-0.0624
-0.0718
-0.074
-0.075
-0.0752
-0.0658
-0.06
-0.0656
-0.0706
-0.0724
-0.0752
-0.0776
-0.0678
-0.0576
-0.0592
-0.0662
-0.0698
-0.0796
-0.0926
-0.0954
-0.0968
-0.0966
-0.0948
-0.0924
-0.094
-0.097
-0.0984
-0.1022
-0.1042
-0.1028
-0.0996
-0.0972
-0.094
-0.0958
-0.1
-0.1024
-0.1058
-0.108
-0.1096
-0.1106
-0.1128
-0.116
-0.1214
-0.1258
-0.128
-0.1264
-0.1246
-0.1238
-0.1212
-0.1206
-0.1242
-0.1244
-0.12
-0.1204
-0.1236
-0.1236
-0.1264
-0.1322
-0.1318
-0.134
-0.143
-0.151
-0.158
-0.1686
-0.1718
-0.166
-0.1588
-0.1542
-0.1498
-0.1456
-0.1496
-0.1548
-0.1562
-0.1588
-0.1598
-0.1528
-0.151
-0.1552
-0.1554
-0.1558
-0.1614
-0.1656
-0.1662
-0.1652
-0.1674
-0.1704
-0.1704
-0.1696
-0.1716
-0.1734
-0.1682
-0.162
-0.1592
-0.157
-0.1558
-0.1606
-0.1668
-0.1696
-0.173
-0.1756
-0.1774
-0.1794
-0.182
-0.1806
-0.1772
-0.176
-0.1742
-0.1716
-0.1718
-0.1746
-0.175
-0.1736
-0.1718
-0.1676
-0.1626
-0.161
-0.1582
-0.1586
-0.1664
-0.1734
-0.1754
-0.1786
-0.1838
-0.1824
-0.181
-0.1822
-0.1844
-0.1854
-0.1836
-0.1826
-0.1848
-0.188
-0.185
-0.1862
-0.1894
-0.1872
-0.1824
-0.178
-0.1736
-0.1688
-0.1674
-0.171
-0.178
-0.1826
-0.1872
-0.1902
-0.1898
-0.1876
-0.187
-0.1858
-0.1806
-0.172
-0.1656
-0.1642
-0.1624
-0.1644
-0.172
-0.175
-0.1706
-0.169
-0.1706
-0.1708
-0.1768
-0.1846
-0.1894
-0.1928
-0.1902
-0.1834
-0.1794
-0.1752
-0.169
-0.1666
-0.1686
-0.1736
-0.1772
-0.181
-0.1854
-0.1858
-0.1814
-0.1784
-0.1778
-0.176
-0.1762
-0.1772
-0.178
-0.1796
-0.1818
-0.1816
-0.18
-0.178
-0.1716
-0.1712
-0.1738
-0.1736
-0.1746
-0.1788
-0.1786
-0.174
-0.1768
-0.1792
-0.1778
-0.177
-0.1788
-0.1752
-0.1714
-0.172
-0.1724
-0.1716
-0.1704
-0.1732
-0.1764
-0.1784
-0.1804
-0.1846
-0.1798
-0.173
-0.1736
-0.175
-0.1796
-0.1844
-0.186
-0.184
-0.183
-0.1784
-0.1754
-0.1736
-0.1702
-0.167
-0.1642
-0.162
-0.1578
-0.1552
-0.1524
-0.1494
-0.1502
-0.1536
-0.1592
-0.163
-0.1632
-0.167
-0.1728
-0.1716
-0.17
-0.1714
-0.1652
-0.16
-0.161
-0.162
-0.1614
-0.1622
-0.1602
-0.1532
-0.1472
-0.1446
-0.141
-0.1362
-0.1366
-0.1376
-0.1352
-0.1344
-0.1344
-0.13
-0.127
-0.1256
-0.122
-0.1232
-0.129
-0.129
-0.1268
-0.1298
-0.13
-0.126
-0.1268
-0.1268
-0.1232
-0.1228
-0.1238
-0.1258
-0.1298
-0.1344
-0.136
-0.1338
-0.1276
-0.1222
-0.1192
-0.1144
-0.1112
-0.1102
-0.111
-0.1102
-0.1056
-0.1036
-0.104
-0.1046
-0.1092
-0.1166
-0.1198
-0.1282
-0.1402
-0.1464
-0.1554
-0.1688
-0.1758
-0.1786
-0.184
-0.1876
-0.1892
-0.1906
-0.189
-0.186
-0.1812
-0.1736
-0.1702
-0.175
-0.1796
-0.1852
-0.1948
-0.2014
-0.2034
-0.2062
-0.2102
-0.212
-0.2148
-0.214
-0.2104
-0.209
-0.2078
-0.205
-0.2042
-0.207
-0.2116
-0.2102
-0.204
-0.201
-0.1982
-0.194
-0.2034
-0.2162
-0.2134
-0.2074
-0.2054
-0.1956
-0.187
-0.194
-0.201
-0.2006
-0.2004
-0.1998
-0.1974
-0.1958
-0.1942
-0.191
-0.1878
-0.1818
-0.1762
-0.1738
-0.1724
-0.1766
-0.1878
-0.1964
-0.1988
-0.2026
-0.2028
-0.1982
-0.1954
-0.1966
-0.2004
-0.2028
-0.205
-0.2094
-0.2156
-0.2202
-0.2254
-0.2354
-0.2464
-0.2582
-0.273
-0.2898
-0.3064
-0.3254
-0.3436
-0.359
-0.374
-0.3832
-0.3854
-0.3852
-0.3814
-0.3714
-0.3582
-0.3436
-0.3246
-0.3014
-0.2754
-0.247
-0.2154
-0.1834
-0.1524
-0.1206
-0.0878
-0.0518
-0.01
0.0354
0.0834
0.1328
0.1796
0.2222
0.2522
0.2706
0.2852
0.2952
0.3028
0.3186
0.3346
0.3412
0.3432
0.33
0.3002
0.2698
0.2418
0.2088
0.1782
0.1564
0.1388
0.1302
0.1304
0.1352
0.1404
0.1418
0.1334
0.1198
0.1104
0.099
0.082
0.0628
0.0442
0.0212
-0.0008
-0.019
-0.0364
-0.0572
-0.0796
-0.1012
-0.1252
-0.1528
-0.1788
-0.1996
-0.2248
-0.2524
-0.2778
-0.2978
-0.3174
-0.3338
-0.3434
-0.3606
-0.3912
-0.4246
-0.4524
-0.4816
-0.5002
-0.512
-0.5274
-0.5404
-0.553
-0.5682
-0.5812
-0.5874
-0.5974
-0.6054
-0.6106
-0.6138
-0.6148
-0.6168
-0.6152
-0.6124
-0.61
-0.605
-0.597
-0.5884
-0.5756
-0.5576
-0.54
-0.5208
-0.5008
-0.479
-0.458
-0.4392
-0.4194
-0.3992
-0.3802
-0.3608
-0.3412
-0.3248
-0.3102
-0.297
-0.2854
-0.273
-0.2612
-0.2526
-0.2468
-0.2418
-0.2408
-0.2414
