-0.205
-0.206333333
-0.2
-0.197666667
-0.201333333
-0.208333333
-0.214
-0.217333333
-0.221
-0.222
-0.220666667
-0.218333333
-0.217
-0.215
-0.211666667
-0.208666667
-0.209
-0.214
-0.22
-0.222666667
-0.219666667
-0.217
-0.215
-0.214
-0.214
-0.214333333
-0.213
-0.208333333
-0.205333333
-0.206333333
-0.210666667
-0.214
-0.214333333
-0.212333333
-0.210666667
-0.211666667
-0.214333333
-0.216
-0.215666667
-0.214333333
-0.214333333
-0.214666667
-0.214666667
-0.215333333
-0.217333333
-0.218
-0.216
-0.213
-0.211666667
-0.21
-0.208333333
-0.207666667
-0.208666667
-0.21
-0.208333333
-0.206
-0.206
-0.208666667
-0.210666667
-0.207666667
-0.203666667
-0.202666667
-0.203666667
-0.203333333
-0.204666667
-0.207333333
-0.209333333
-0.208333333
-0.205333333
-0.204666667
-0.205666667
-0.208
-0.211
-0.21
-0.209
-0.209333333
-0.211333333
-0.213666667
-0.213
-0.213666667
-0.216333333
-0.216333333
-0.212333333
-0.205333333
-0.208
-0.221333333
-0.227666667
-0.222
-0.21
-0.204333333
-0.206
-0.206
-0.207
-0.205
-0.199666667
-0.196
-0.194666667
-0.196333333
-0.198666667
-0.202333333
-0.206
-0.206333333
-0.205333333
-0.204
-0.203
-0.199333333
-0.196666667
-0.194
-0.189
-0.180333333
-0.169
-0.16
-0.151
-0.144666667
-0.137333333
-0.129333333
-0.121666667
-0.113666667
-0.109333333
-0.107333333
-0.109333333
-0.107333333
-0.097333333
-0.083666667
-0.070333333
-0.056
-0.040333333
-0.029
-0.022666667
-0.016
-0.003666667
0.015
0.036333333
0.059
0.080666667
0.101666667
0.121
0.140666667
0.168333333
0.202
0.239
0.273666667
0.308666667
0.344
0.377
0.404666667
0.426666667
0.445666667
0.461666667
0.473333333
0.482
0.493333333
0.508
0.526
0.544666667
0.554
0.555666667
0.555333333
0.563
0.573333333
0.579
0.581666667
0.581333333
0.579333333
0.569
0.550333333
0.528333333
0.510333333
0.501333333
0.495333333
0.488666667
0.478
0.464666667
0.454
0.444666667
0.434333333
0.420666667
0.406
0.393666667
0.383666667
0.377
0.370666667
0.362666667
0.349666667
0.337333333
0.329333333
0.321666667
0.313333333
0.304666667
0.300333333
0.295666667
0.287333333
0.281666667
0.278666667
0.276
0.273
0.268333333
0.26
0.245
0.225333333
0.209
0.198666667
0.192
0.187333333
0.180333333
0.171333333
0.162333333
0.153333333
0.147
0.140333333
0.131666667
0.124333333
0.117666667
0.111666667
0.102
0.089333333
0.075333333
0.061
0.048333333
0.033666667
0.02
0.007666667
-0.003
-0.012333333
-0.023333333
-0.033666667
-0.046333333
-0.061
-0.074
-0.086666667
-0.101
-0.123
-0.153666667
-0.177666667
-0.194333333
-0.205333333
-0.220333333
-0.237
-0.250333333
-0.265666667
-0.283
-0.301
-0.310666667
-0.313333333
-0.316666667
-0.319666667
-0.317333333
-0.305666667
-0.297666667
-0.3
-0.31
-0.322333333
-0.331
-0.334
-0.332333333
-0.333666667
-0.343
-0.354666667
-0.360666667
-0.359333333
-0.354666667
-0.352
-0.350666667
-0.350666667
-0.351666667
-0.351333333
-0.352333333
-0.354666667
-0.355666667
-0.354666667
-0.352
-0.354
-0.359
-0.362333333
-0.362333333
-0.361666667
-0.362666667
-0.363333333
-0.362666667
-0.362
-0.362333333
-0.362
-0.362666667
-0.365333333
-0.367333333
-0.37
-0.373666667
-0.377333333
-0.380666667
-0.382333333
-0.382333333
-0.377333333
-0.368666667
-0.363333333
-0.363666667
-0.368666667
-0.373
-0.374666667
-0.374666667
-0.374
-0.373666667
-0.375
-0.381
-0.389333333
-0.397
-0.401666667
-0.402333333
-0.4
-0.398333333
-0.396666667
-0.394
-0.391
-0.389666667
-0.391
-0.392
-0.395
-0.399
-0.4
-0.399
-0.398333333
-0.401
-0.403333333
-0.402333333
-0.401333333
-0.400333333
-0.400333333
-0.401
-0.404
-0.41
-0.412666667
-0.411333333
-0.407666667
-0.407
-0.409
-0.411
-0.409
-0.406333333
-0.406333333
-0.409
-0.412666667
-0.412
-0.411666667
-0.410666667
-0.410666667
-0.411333333
-0.412333333
-0.415666667
-0.418
-0.418
-0.416666667
-0.415666667
-0.416
-0.417333333
-0.418333333
-0.419333333
-0.419666667
-0.421666667
-0.424
-0.423333333
-0.426666667
-0.433333333
-0.44
-0.438333333
-0.433333333
-0.432333333
-0.434
-0.437
-0.443
-0.455333333
-0.46
-0.45
-0.431
-0.418
-0.417666667
-0.419333333
-0.420333333
-0.421666667
-0.424333333
-0.429
-0.431
-0.432333333
-0.433333333
-0.430333333
-0.426
-0.422666667
-0.423333333
-0.426666667
-0.424666667
-0.42
-0.414666667
-0.411
-0.411
-0.410666667
-0.409
-0.409
-0.413333333
-0.418333333
-0.416333333
-0.408333333
-0.403
-0.402333333
-0.403
-0.403333333
-0.402
-0.399
-0.395666667
-0.394333333
-0.395
-0.396
-0.393333333
-0.389333333
-0.386333333
-0.386666667
-0.387666667
-0.386
-0.383666667
-0.384
-0.385666667
-0.382333333
-0.373
-0.367333333
-0.368
-0.368666667
-0.363666667
-0.354333333
-0.347
-0.342333333
-0.342666667
-0.343
-0.338
-0.332
-0.328
-0.325
-0.318666667
-0.309333333
-0.303666667
-0.301333333
-0.299333333
-0.294666667
-0.29
-0.29
-0.293333333
-0.294
-0.288
-0.278
-0.268333333
-0.264
-0.261
-0.255333333
-0.251333333
-0.252
-0.256
-0.252333333
-0.241666667
-0.232333333
-0.230333333
-0.233666667
-0.234333333
-0.232
-0.230666667
-0.230666667
-0.231666667
-0.232
-0.229666667
-0.224333333
-0.218
-0.214
-0.209666667
-0.205333333
-0.202666667
-0.203
-0.203666667
-0.202
-0.198333333
-0.193666667
-0.190666667
-0.190666667
-0.192
-0.193666667
-0.194
-0.192666667
-0.188666667
-0.185333333
-0.182
-0.179666667
-0.176666667
-0.173
-0.171
-0.168
-0.162333333
-0.155333333
-0.151666667
-0.155333333
-0.164666667
-0.171333333
-0.172
-0.168
-0.165333333
-0.168
-0.167333333
-0.167666667
-0.174
-0.183333333
-0.191333333
-0.186666667
-0.176
-0.165666667
-0.160333333
-0.163
-0.164
-0.163
-0.163
-0.167666667
-0.175
-0.177
-0.173666667
-0.169333333
-0.166333333
-0.166
-0.167666667
-0.171333333
-0.175
-0.179666667
-0.186
-0.19
-0.188666667
-0.183
-0.177666667
-0.174666667
-0.173666667
-0.174333333
-0.175
-0.175333333
-0.174666667
-0.172333333
-0.171
-0.173666667
-0.178666667
-0.178333333
-0.173333333
-0.171333333
-0.174
-0.177
-0.176666667
-0.178
-0.183
-0.187666667
-0.188333333
-0.183666667
-0.176
-0.171
-0.171666667
-0.175333333
-0.18
-0.183333333
-0.185
-0.184666667
-0.180333333
-0.179
-0.183333333
-0.188
-0.188
-0.183
-0.179333333
-0.178
-0.178333333
-0.180333333
-0.183
-0.183333333
-0.182333333
-0.183
-0.185333333
-0.189
-0.192333333
-0.194666667
-0.196
-0.197666667
-0.201
-0.204666667
-0.208333333
-0.209
-0.206666667
-0.205
-0.204666667
-0.205
-0.204
-0.203
-0.204
-0.203666667
-0.203
-0.203
-0.203333333
-0.201666667
-0.196333333
-0.192666667
-0.194666667
-0.199666667
-0.200333333
-0.196
-0.195666667
-0.197
-0.197333333
-0.197666667
-0.199666667
-0.203333333
-0.202
-0.199333333
-0.196666667
-0.196
-0.198
-0.200333333
-0.203666667
-0.207333333
-0.208333333
-0.202
-0.190666667
-0.185333333
-0.187
-0.191666667
-0.193666667
-0.194666667
-0.198666667
-0.202666667
-0.205333333
-0.201666667
-0.199
-0.199666667
-0.204333333
-0.213333333
-0.213666667
-0.208666667
-0.197666667
-0.192
-0.192666667
-0.192333333
-0.193
-0.192333333
-0.196
-0.200666667
-0.204666667
-0.202666667
-0.197333333
-0.196333333
-0.198333333
-0.201333333
-0.201333333
-0.201666667
-0.202333333
-0.202
-0.199666667
-0.196666667
-0.194333333
-0.193666667
-0.194
-0.192333333
-0.189666667
-0.187
-0.187
-0.189333333
-0.195
-0.201
-0.202333333
-0.200333333
-0.198
-0.199333333
-0.200333333
-0.199666667
-0.198666667
-0.196333333
-0.193333333
-0.190666667
-0.189
-0.188666667
-0.188666667
-0.19
-0.195
-0.203333333
-0.209
-0.208
-0.203333333
-0.200666667
-0.200333333
-0.199666667
-0.201
-0.204333333
-0.205666667
-0.201666667
-0.197666667
-0.196
-0.193666667
-0.189666667
-0.188666667
-0.192
-0.194
-0.194333333
-0.196
-0.198
-0.197666667
-0.195333333
-0.193666667
-0.194666667
-0.200333333
-0.207
-0.209333333
-0.207
-0.203666667
-0.201666667
-0.198666667
-0.197666667
-0.197666667
-0.197
-0.196666667
-0.196
-0.196
-0.193
-0.191333333
-0.192333333
-0.191
-0.189
-0.186666667
-0.187
-0.189
-0.189333333
-0.187
-0.184333333
-0.187333333
-0.193333333
-0.195666667
-0.193333333
-0.194333333
-0.199
-0.201
-0.198
-0.194666667
-0.193
-0.194
-0.195
-0.197666667
-0.199
-0.202
-0.208
-0.211666667
-0.208
-0.195333333
-0.188666667
-0.190333333
-0.196666667
-0.199
-0.196666667
-0.194666667
-0.192
-0.191333333
-0.19
-0.191333333
-0.192666667
-0.193666667
-0.197
-0.200333333
-0.202666667
-0.202666667
-0.202
-0.202333333
-0.202333333
-0.200666667
-0.200333333
-0.199666667
-0.196666667
-0.193
-0.190666667
-0.198333333
-0.208666667
-0.210333333
-0.203666667
-0.194333333
-0.19
-0.187666667
-0.189
-0.192
-0.193666667
-0.193333333
-0.193333333
-0.196666667
-0.200333333
-0.206
-0.205666667
-0.203333333
-0.203666667
-0.204666667
-0.205
-0.197666667
-0.191666667
-0.188333333
-0.188
-0.189
-0.187
-0.184
-0.182
-0.185
-0.189666667
-0.193666667
-0.193
-0.190333333
-0.187666667
-0.186333333
-0.188666667
-0.192
-0.196666667
-0.199
-0.200333333
-0.199666667
-0.196333333
-0.193
-0.191
-0.192666667
-0.194
-0.191666667
-0.189
-0.189
-0.190333333
-0.192333333
-0.195
-0.196666667
-0.192666667
-0.185
-0.180666667
-0.182666667
-0.187
-0.187
-0.184
-0.18
-0.177333333
-0.176
-0.179333333
-0.191
-0.202333333
-0.205
-0.203333333
-0.201666667
-0.199666667
-0.195333333
-0.192333333
-0.194666667
-0.198666667
-0.201333333
-0.202666667
-0.201
-0.198
-0.196333333
-0.197333333
-0.198666667
-0.198666667
-0.197666667
-0.197
-0.196
-0.195333333
-0.195333333
-0.194666667
-0.195
-0.197
-0.201333333
-0.205
-0.207666667
-0.209333333
-0.205333333
-0.195333333
-0.187666667
-0.187
-0.19
-0.188666667
-0.186333333
-0.187666667
-0.193
-0.198333333
-0.198
-0.192333333
-0.186666667
-0.188333333
-0.195333333
-0.203333333
-0.205333333
-0.204666667
-0.207
-0.209666667
-0.208666667
-0.202
-0.197333333
-0.197
-0.197333333
-0.197
-0.195
-0.193
-0.193
-0.194333333
-0.197666667
-0.199
-0.197333333
-0.193333333
-0.191666667
-0.192333333
-0.193666667
-0.195666667
-0.196666667
-0.194
-0.184333333
-0.178333333
-0.179666667
-0.185
-0.188333333
-0.185333333
-0.182
-0.182333333
-0.191333333
-0.197
-0.192666667
-0.183666667
-0.182666667
-0.191333333
-0.196666667
-0.198333333
-0.197333333
-0.198
-0.198333333
-0.195666667
-0.193666667
-0.191666667
-0.19
-0.188
-0.187333333
-0.186666667
-0.182666667
-0.177333333
-0.173666667
-0.172
-0.171
-0.168333333
-0.164
-0.158333333
-0.154666667
-0.155666667
-0.156666667
-0.154
-0.148
-0.143333333
-0.143
-0.144
-0.145333333
-0.143666667
-0.140666667
-0.135
-0.128333333
-0.124333333
-0.123666667
-0.127666667
-0.133333333
-0.139666667
-0.143666667
-0.144
-0.145666667
-0.149
-0.153333333
-0.153333333
-0.154333333
-0.160666667
-0.167333333
-0.167666667
-0.162333333
-0.158
-0.155333333
-0.155333333
-0.153333333
-0.15
-0.142
-0.132333333
-0.130666667
-0.135333333
-0.14
-0.14
-0.139333333
-0.142333333
-0.146
-0.147
-0.148
-0.148333333
-0.148333333
-0.151333333
-0.154
-0.153666667
-0.15
-0.147333333
-0.147333333
-0.145666667
-0.143666667
-0.142333333
-0.143333333
-0.145666667
-0.151333333
-0.159333333
-0.163666667
-0.159
-0.147
-0.140333333
-0.14
-0.138666667
-0.134333333
-0.130666667
-0.133
-0.135666667
-0.135
-0.133333333
-0.134666667
-0.139333333
-0.143666667
-0.143666667
-0.139666667
-0.138666667
-0.142333333
-0.147666667
-0.152333333
-0.157666667
-0.168333333
-0.181333333
-0.19
-0.196333333
-0.201
-0.206333333
-0.210666667
-0.212
-0.212666667
-0.210333333
-0.207666667
-0.208666667
-0.210666667
-0.213333333
-0.213333333
-0.213333333
-0.210333333
-0.206333333
-0.202
-0.199666667
-0.202
-0.203
-0.202666667