0.086
0.084666667
0.086666667
0.089
0.090333333
0.089666667
0.088666667
0.089
0.094
0.099333333
0.102333333
0.101666667
0.1
0.097666667
0.092666667
0.090666667
0.090333333
0.091666667
0.093666667
0.096333333
0.101
0.100333333
0.098
0.096666667
0.099
0.102333333
0.100333333
0.095
0.090666667
0.091
0.092
0.091333333
0.088666667
0.089333333
0.092666667
0.095666667
0.097666667
0.098
0.101666667
0.104
0.102
0.098333333
0.095666667
0.099333333
0.103333333
0.105
0.103666667
0.102333333
0.104
0.105666667
0.106666667
0.105666667
0.106666667
0.11
0.113
0.114333333
0.114333333
0.113
0.108333333
0.103333333
0.103
0.105666667
0.108333333
0.109333333
0.110666667
0.112333333
0.114666667
0.116333333
0.116333333
0.114666667
0.112333333
0.112333333
0.114
0.116
0.116666667
0.117666667
0.119333333
0.119333333
0.115
0.109
0.105666667
0.107333333
0.111
0.113666667
0.115333333
0.116333333
0.115333333
0.111333333
0.105666667
0.102333333
0.102
0.103666667
0.104333333
0.103666667
0.103333333
0.103333333
0.102666667
0.102333333
0.103666667
0.104
0.101666667
0.098
0.098333333
0.102
0.103666667
0.102333333
0.1
0.099
0.098666667
0.099333333
0.100666667
0.105
0.107
0.106333333
0.103333333
0.101666667
0.104
0.106333333
0.106333333
0.103333333
0.098
0.095666667
0.096333333
0.099333333
0.102666667
0.104333333
0.104666667
0.104666667
0.103
0.100666667
0.099
0.098333333
0.1
0.103333333
0.107333333
0.108
0.104
0.099333333
0.096
0.091666667
0.088666667
0.092333333
0.097666667
0.099
0.095
0.091
0.090666667
0.090666667
0.091
0.090666667
0.092333333
0.095333333
0.098333333
0.102
0.106666667
0.11
0.107666667
0.103
0.101
0.101666667
0.101333333
0.099333333
0.099333333
0.1
0.101
0.103
0.107
0.112333333
0.115333333
0.117333333
0.118666667
0.119333333
0.119666667
0.122666667
0.128666667
0.134
0.135333333
0.133333333
0.133666667
0.135333333
0.137
0.137333333
0.137333333
0.138333333
0.139666667
0.140666667
0.141333333
0.142
0.145
0.148
0.148333333
0.146333333
0.144333333
0.145
0.148666667
0.153666667
0.157333333
0.157666667
0.159333333
0.162666667
0.166
0.167
0.167666667
0.170333333
0.175
0.178333333
0.18
0.182333333
0.183666667
0.184333333
0.183
0.185
0.190666667
0.195333333
0.197
0.196666667
0.195666667
0.192666667
0.188666667
0.186666667
0.189333333
0.192
0.190333333
0.184333333
0.177666667
0.176333333
0.179
0.185333333
0.188666667
0.186333333
0.177666667
0.166666667
0.158333333
0.152666667
0.147
0.136
0.121666667
0.109333333
0.100333333
0.092333333
0.085333333
0.080333333
0.078333333
0.076
0.074666667
0.073
0.070333333
0.07
0.071
0.073666667
0.073
0.069
0.066666667
0.066
0.068666667
0.070333333
0.071333333
0.072333333
0.073333333
0.073666667
0.072666667
0.070666667
0.070333333
0.071333333
0.070666667
0.070666667
0.070666667
0.072
0.072333333
0.072
0.072666667
0.073
0.073333333
0.073333333
0.076
0.080333333
0.083666667
0.084
0.080333333
0.073666667
0.065666667
0.060666667
0.058666667
0.058333333
0.059
0.061333333
0.065666667
0.066666667
0.063666667
0.059333333
0.059666667
0.062666667
0.064333333
0.064666667
0.063666667
0.063666667
0.063666667
0.064666667
0.065
0.064333333
0.065666667
0.069666667
0.072333333
0.072666667
0.07
0.069
0.072
0.075333333
0.076
0.072333333
0.069
0.066666667
0.064
0.064333333
0.065
0.065666667
0.061666667
0.057
0.055
0.053666667
0.053
0.051333333
0.052
0.051666667
0.051333333
0.051
0.052333333
0.053666667
0.053333333
0.052666667
0.051666667
0.051333333
0.051666667
0.052333333
0.050333333
0.048333333
0.048
0.050666667
0.053333333
0.053666667
0.053
0.051333333
0.051
0.052
0.052666667
0.050666667
0.047666667
0.044666667
0.042333333
0.040666667
0.039
0.038333333
0.037333333
0.038333333
0.039666667
0.041333333
0.041
0.039
0.037333333
0.036333333
0.037666667
0.040333333
0.043333333
0.045
0.044333333
0.042666667
0.041666667
0.040666667
0.039333333
0.037666667
0.036333333
0.036666667
0.038
0.037666667
0.035666667
0.032666667
0.03
0.027333333
0.026
0.026666667
0.028
0.027333333
0.029
0.032666667
0.036
0.036333333
0.034333333
0.035
0.034666667
0.032666667
0.031666667
0.032333333
0.035333333
0.035333333
0.034333333
0.033
0.032333333
0.032333333
0.033
0.035666667
0.038666667
0.041666667
0.042333333
0.045
0.052
0.059333333
0.068
0.077
0.091
0.102666667
0.112666667
0.125333333
0.141
0.160666667
0.178333333
0.197
0.211
0.221333333
0.23
0.238666667
0.246666667
0.252333333
0.262666667
0.284
0.321
0.362
0.399333333
0.433
0.471333333
0.512666667
0.55
0.585333333
0.619666667
0.649333333
0.666666667
0.671333333
0.661
0.635666667
0.601666667
0.563666667
0.524666667
0.483
0.432333333
0.372333333
0.302
0.228666667
0.148333333
0.051666667
-0.062
-0.173666667
-0.266
-0.342333333
-0.405
-0.45
-0.471666667
-0.483666667
-0.492
-0.492
-0.484666667
-0.475
-0.469666667
-0.464333333
-0.46
-0.451666667
-0.436
-0.412666667
-0.384666667
-0.361666667
-0.343666667
-0.333
-0.328666667
-0.326
-0.322333333
-0.317333333
-0.314666667
-0.312666667
-0.308333333
-0.303666667
-0.301
-0.298666667
-0.293
-0.287666667
-0.285
-0.286
-0.285
-0.283333333
-0.284666667
-0.287333333
-0.289333333
-0.286666667
-0.282666667
-0.28
-0.282
-0.285333333
-0.288333333
-0.291666667
-0.294666667
-0.298666667
-0.300333333
-0.303
-0.306
-0.311666667
-0.320666667
-0.327666667
-0.332333333
-0.333
-0.331333333
-0.326
-0.317333333
-0.309333333
-0.305
-0.302666667
-0.296333333
-0.285666667
-0.275
-0.267333333
-0.261
-0.254333333
-0.247
-0.240333333
-0.232666667
-0.225
-0.218333333
-0.215
-0.214
-0.21
-0.199
-0.185
-0.169666667
-0.155
-0.141666667
-0.130666667
-0.122666667
-0.112666667
-0.100666667
-0.087666667
-0.075333333
-0.063
-0.048666667
-0.033666667
-0.020666667
-0.010333333
-0.002
0.006
0.014333333
0.025666667
0.036
0.043
0.048
0.052666667
0.057
0.058333333
0.062333333
0.068666667
0.075333333
0.079666667
0.084333333
0.091666667
0.099666667
0.103666667
0.103
0.102
0.104
0.109
0.113
0.113666667
0.113666667
0.112666667
0.112666667
0.111666667
0.108333333
0.104333333
0.1
0.099
0.102
0.109333333
0.116666667
0.121
0.121666667
0.121666667
0.122
0.122333333
0.124
0.126333333
0.126666667
0.125666667
0.125666667
0.128
0.130666667
0.129666667
0.126666667
0.124
0.126333333
0.131333333
0.135333333
0.138333333
0.140666667
0.142666667
0.143
0.143333333
0.146333333
0.149333333
0.152
0.154333333
0.157666667
0.16
0.158
0.157
0.158666667
0.162333333
0.162333333
0.160333333
0.158666667
0.160666667
0.165333333
0.170333333
0.172666667
0.171333333
0.171333333
0.172
0.174
0.175666667
0.175
0.175
0.177
0.182333333
0.187666667
0.187333333
0.184333333
0.181333333
0.181666667
0.185
0.189
0.191666667
0.193
0.194333333
0.197
0.201
0.204666667
0.207666667
0.209666667
0.211666667
0.216
0.219666667
0.221666667
0.224
0.227
0.228666667
0.227333333
0.228333333
0.233666667
0.241
0.246333333
0.247
0.245
0.245
0.251
0.258333333
0.259
0.257333333
0.259
0.266
0.273
0.273333333
0.273
0.270666667
0.272666667
0.277666667
0.282333333
0.287
0.291333333
0.297
0.301666667
0.304666667
0.307333333
0.311666667
0.314666667
0.319333333
0.324
0.327
0.329
0.329333333
0.331333333
0.335
0.338
0.339666667
0.34
0.342
0.346333333
0.350333333
0.353
0.356666667
0.362
0.368333333
0.373
0.377333333
0.381333333
0.385333333
0.390666667
0.394
0.395333333
0.394
0.396666667
0.401666667
0.406
0.407666667
0.406
0.405333333
0.406333333
0.41
0.412666667
0.415
0.417
0.419333333
0.422333333
0.425666667
0.427666667
0.429333333
0.434666667
0.439333333
0.443666667
0.443333333
0.441
0.436333333
0.431
0.428666667
0.426666667
0.427
0.427333333
0.427
0.424666667
0.423333333
0.424
0.425333333
0.425666667
0.424
0.420666667
0.415333333
0.409666667
0.402333333
0.395
0.388333333
0.384
0.381
0.379
0.378333333
0.377333333
0.375333333
0.371333333
0.365
0.356333333
0.35
0.346
0.342
0.336666667
0.329666667
0.32
0.305
0.293333333
0.288333333
0.287333333
0.284
0.279333333
0.276333333
0.272666667
0.267
0.26
0.255666667
0.253333333
0.249
0.240333333
0.232
0.225666667
0.221666667
0.215666667
0.210333333
0.207666667
0.205
0.200333333
0.191666667
0.185
0.180333333
0.178
0.175666667
0.171
0.165
0.156666667
0.149
0.144666667
0.142333333
0.137333333
0.130333333
0.124
0.121333333
0.119333333
0.115666667
0.112333333
0.107333333
0.103333333
0.098
0.095
0.094
0.093
0.091
0.083666667
0.079333333
0.077333333
0.077333333
0.075333333
0.070666667
0.068333333
0.065666667
0.064
0.062666667
0.062
0.057666667
0.053333333
0.052
0.05
0.047333333
0.046
0.050333333
0.051
0.048333333
0.045
0.044333333
0.045666667
0.047
0.051333333
0.054
0.052333333
0.049666667
0.05
0.052333333
0.052333333
0.050333333
0.049
0.049666667
0.051333333
0.052666667
0.053333333
0.051333333
0.049666667
0.049333333
0.047333333
0.045666667
0.046666667
0.052
0.056666667
0.058666667
0.057333333
0.055333333
0.054666667
0.058
0.065
0.07
0.072333333
0.070333333
0.065
0.062666667
0.067333333
0.075666667
0.08
0.075
0.067333333
0.063666667
0.068666667
0.077666667
0.084
0.085
0.081666667
0.079333333
0.077666667
0.079333333
0.080333333
0.083333333
0.086666667
0.088
0.087333333
0.085666667
0.084666667
0.085333333
0.086333333
0.088
0.091333333
0.092666667
0.094333333
0.093333333
0.091333333