0.11
0.095
0.072
0.107
0.135
0.12
0.14
0.122
0.113
0.062
0.035
0.058
0.052
0.062
0.07
0.062
0.07
0.033
0.025
0.02
0.04
0.022
0.058
0.075
0.06
0.015
0.025
0.01
0.015
0.05
0.028
0.022
0.022
0.058
0.022
0.033
-0.028
0.025
0
0.033
-0.01
0.02
-0.01
-0.02
-0.015
0.013
-0.01
0
0
-0.037
-0.02
-0.037
-0.05
-0.062
-0.072
-0.062
-0.02
-0.033
-0.07
-0.075
-0.065
-0.077
-0.065
-0.113
-0.07
-0.05
-0.062
-0.072
-0.087
-0.05
-0.087
-0.095
-0.115
-0.083
-0.072
-0.085
-0.107
-0.107
-0.115
-0.1
-0.098
-0.113
-0.09
-0.107
-0.107
-0.098
-0.125
-0.102
-0.11
-0.11
-0.098
-0.087
-0.15
-0.1
-0.122
-0.115
-0.083
-0.09
-0.098
-0.1
-0.107
-0.12
-0.128
-0.11
-0.138
-0.135
-0.1
-0.098
-0.087
-0.087
-0.135
-0.085
-0.145
-0.1
-0.102
-0.072
-0.125
-0.11
-0.115
-0.113
-0.138
-0.083
-0.107
-0.083
-0.09
-0.095
-0.113
-0.113
-0.083
-0.058
-0.06
-0.028
0.003
-0.013
-0.01
-0.02
-0.028
-0.033
-0.025
0.022
0.007
0.028
-0.048
0.028
-0.02
0.022
0
-0.02
0.048
0
-0.028
-0.05
-0.083
-0.037
-0.052
-0.013
0.022
0.01
0.037
0.013
0.052
0.065
0.06
0.147
0.19
0.328
0.575
0.912
1.32
1.762
2.197
2.485
2.5
2.26
1.81
1.308
0.848
0.477
0.225
0.087
0.048
0.035
0.045
0.022
-0.045
-0.058
-0.062
-0.098
-0.083
-0.1
-0.128
-0.12
-0.145
-0.145
-0.17
-0.135
-0.147
-0.16
-0.175
-0.172
-0.198
-0.19
-0.198
-0.2
-0.195
-0.182
-0.177
-0.175
-0.233
-0.198
-0.223
-0.203
-0.235
-0.212
-0.175
-0.152
-0.185
-0.21
-0.19
-0.203
-0.21
-0.177
-0.172
-0.19
-0.185
-0.198
-0.2
-0.2
-0.207
-0.207
-0.182
-0.138
-0.172
-0.165
-0.175
-0.21
-0.203
-0.215
-0.203
-0.195
-0.182
-0.207
-0.188
-0.172
-0.198
-0.203
-0.182
-0.152
-0.182
-0.138
-0.163
-0.172
-0.15
-0.14
-0.098
-0.075
-0.01
-0.01
0.04
0.022
0.052
0.037
0.058
0.075
0.113
