0.02
-0.025
-0.058
-0.072
-0.105
-0.115
-0.11
-0.102
-0.077
0.033
0.085
0.09
0.102
0.098
0.072
0.037
-0.037
-0.07
0.007
0.028
0.065
0.052
0.018
-0.033
-0.037
-0.052
-0.04
-0.025
-0.028
-0.037
0.007
0.037
0.028
0.025
0.033
0.085
0.195
0.273
0.235
0.125
-0.07
-0.17
-0.17
-0.115
-0.025
0.102
0.102
0.092
0.077
0.05
0.065
0.092
0.077
0.077
0.07
0.06
0.072
0.072
0.098
0.147
0.182
0.158
0.115
0.05
0.025
0.028
0.06
0.072
0.105
0.117
0.11
0.085
0.092
0.037
-0.025
-0.037
0.018
0.07
0.155
0.19
0.19
0.105
0.052
0.018
-0.025
0.007
-0.025
0.005
0.045
0.072
0.077
0.138
0.18
0.22
0.253
0.2
0.125
0.117
0.06
0.065
0.06
0.037
0.018
0.037
0.07
0.092
0.102
0.065
0.04
0.06
0.125
0.11
0.09
0.077
0.06
0.037
0.077
0.06
0.028
0.06
0.102
0.158
0.285
0.338
0.35
0.268
0.2
0.138
0.102
0.125
0.13
0.098
0.117
0.117
0.065
0.013
0
-0.028
-0.105
-0.122
-0.147
-0.115
-0.05
0.028
0.013
0.007
0.02
0.033
0.018
-0.02
-0.037
0.005
0.05
0.092
0.098
0.115
0.125
0.15
0.15
0.115
0.092
0.077
0.083
0.098
0.125
0.122
0.122
0.122
0.163
0.2
0.285
0.35
0.352
0.32
0.24
0.105
0.052
0.05
0.052
0.052
0.058
0.07
0.06
0.11
0.168
0.255
0.318
0.297
0.265
0.195
0.117
0.052
0.025
0.025
0.018
0.06
0.142
0.2
0.212
0.212
0.163
0.117
0.06
0.007
0
0.013
0.065
0.125
0.195
0.255
0.268
0.245
0.228
0.188
0.158
0.142
0.117
0.02
